Latitude	Longitude
41.86407316	-87.70681861
41.78292153	-87.60436317
41.89490828	-87.75837196
41.88568685	-87.74951598
41.88629724	-87.76175071
41.74535402	-87.6037989
41.84402377	-87.62692325
41.81113396	-87.62074077
41.99813061	-87.66581404
41.76809684	-87.66387859
41.76173329	-87.55830998
41.89302675	-87.62675083
41.87781186	-87.65575801
41.84301696	-87.61722727
41.91090083	-87.68601875
41.76208913	-87.69663234
41.9082371	-87.67843742
41.79393591	-87.62568028
41.71184357	-87.64660793
41.81587521	-87.60183257
41.91011672	-87.67744465
41.79070461	-87.60614149
41.92732184	-87.66581042
41.99596152	-87.79752856
41.88993449	-87.63761923
41.7213798	-87.64978116
41.92527818	-87.65936796
41.83458618	-87.63228541
41.81472107	-87.7054583
41.74089592	-87.64861788
41.88063228	-87.63593549
41.87851302	-87.76642478
41.90528413	-87.73261553
41.94998639	-87.65319658
41.99458874	-87.65752255
41.7119596	-87.61267363
41.82034323	-87.64175921
41.94333206	-87.70528607
41.77107306	-87.56827866
41.76991675	-87.66395498
41.65324998	-87.60482818
41.78591319	-87.69480165
41.79204575	-87.79713628
41.72134702	-87.65211853
41.94646154	-87.72072354
41.88165124	-87.62620049
41.73697442	-87.545828
41.93382589	-87.78335189
41.84114586	-87.64148388
41.7652989	-87.58365451
41.99370385	-87.79418524
41.8979804	-87.63037668
41.77714211	-87.64714727
41.88945317	-87.62799483
41.91994998	-87.65164906
41.83638523	-87.66571041
41.74271022	-87.63408818
41.91349864	-87.77410994
41.90465676	-87.70763425
41.9203601	-87.68260517
41.81509317	-87.70425144
41.87891776	-87.72175831
41.86816541	-87.62743954
41.88449753	-87.6258386
41.88316482	-87.6445084
41.99057177	-87.79339873
41.70427604	-87.61979792
41.75045785	-87.58831279
41.8382197	-87.70485067
41.96921161	-87.7634591
41.79874193	-87.62580711
41.74771234	-87.66579808
41.7248615	-87.62874294
41.75776725	-87.60781822
41.85442795	-87.68570021
41.97284344	-87.67112723
41.78272837	-87.64972028
41.90727403	-87.72279189
41.94525754	-87.74767892
41.76418539	-87.5926442
41.99419755	-87.79647287
41.99973106	-87.70580971
41.76575557	-87.57629243
41.98427785	-87.67101243
41.90178302	-87.62799506
41.83994702	-87.7146725
41.78624472	-87.70365352
41.82366585	-87.60307202
41.89436874	-87.71018083
41.69158427	-87.67750189
41.8942631	-87.72115283
41.77431903	-87.60579503
41.90650727	-87.76702211
41.7418051	-87.57823003
41.76884638	-87.7298248
41.78375742	-87.68376461
41.94693295	-87.75554478
41.93935715	-87.77685754
41.93496894	-87.65393685
41.93925849	-87.66380409
41.79327599	-87.77823659
41.88575329	-87.62699624
41.74016931	-87.57820157
41.73277179	-87.60472899
41.83185793	-87.64491566
41.8081478	-87.66496197
41.73699363	-87.54582776
41.99615508	-87.67345707
41.72124785	-87.65996945
41.98025918	-87.71000978
41.88638227	-87.76339888
41.90950808	-87.7551807
41.90025005	-87.62727361
41.85129667	-87.7064588
41.85669507	-87.64885236
41.94495301	-87.64941621
41.75025215	-87.61813096
41.93358238	-87.64551708
41.90711883	-87.67868029
41.77270119	-87.58506036
41.85981528	-87.62397793
41.80758633	-87.61512779
41.71790308	-87.63749255
41.93994148	-87.65208674
41.96119177	-87.70736456
41.78765064	-87.64863395
41.91857831	-87.63618385
41.85730848	-87.61934007
41.92920189	-87.69876576
41.88728587	-87.75694927
41.88591631	-87.65448252
41.945916	-87.65307443
41.88098896	-87.70485404
41.94004203	-87.82762547
41.99345733	-87.65831807
41.78653906	-87.62063552
41.89232854	-87.64052046
41.95193503	-87.79085381
41.87156685	-87.67048835
41.76971848	-87.58427023
41.71793338	-87.63479637
41.85393075	-87.62384107
42.00229294	-87.66807366
41.75273668	-87.59187063
41.78669138	-87.6689433
41.76474177	-87.67981809
41.95101895	-87.71038665
41.8774702	-87.67822288
41.77596364	-87.61551737
41.74792601	-87.6633736
41.94782459	-87.79972205
41.88893198	-87.71978611
41.77984007	-87.70676293
41.74628779	-87.56516873
	
	
	
	
	
	
	
	
	
41.794879	-87.63179049
	
	
	
	
	
	
	
	
	
	
	
	
	
41.7586063	-87.68674885
41.87946715	-87.74819558
41.79406181	-87.662677
41.77147534	-87.66157428
41.87274397	-87.7091499
41.80811735	-87.70427567
41.66329207	-87.63814672
41.65913748	-87.60887511
41.75358538	-87.56319432
41.76987408	-87.65667148
41.84451832	-87.63871703
41.89795937	-87.66311903
41.86912653	-87.77346516
41.93994326	-87.651925
41.93653888	-87.78198708
41.79946141	-87.59620632
41.9895994	-87.66025687
42.01939873	-87.67543958
42.00448731	-87.67984643
42.00908726	-87.69017186
	
	
41.79951843	-87.59099784
41.97381475	-87.72206486
41.85475296	-87.71123359
41.91219587	-87.7630995
41.73525191	-87.63873055
	
41.72307462	-87.62378426
41.8749748	-87.72547505
41.79972165	-87.64937099
41.80171934	-87.63070362
	
41.85993099	-87.7091387
41.85195123	-87.69180719
41.76488381	-87.62328714
41.83100324	-87.62708478
41.69283384	-87.60431945
41.80934083	-87.61923474
41.85608483	-87.6418111
41.76177285	-87.60547861
41.77500188	-87.60183161
41.89083129	-87.63031551
41.87503958	-87.74369027
41.94142909	-87.75739185
41.8807081	-87.62991973
	
	
41.773033	-87.68090705
	
41.8543025	-87.71369727
41.87818863	-87.74933454
41.87519839	-87.71747939
41.78337588	-87.64555918
41.76971165	-87.66880695
41.80800325	-87.71306892
41.97446941	-87.80473648
41.87527257	-87.62425131
41.73285897	-87.61377364
41.84912076	-87.70150309
41.75998368	-87.7024992
41.74584892	-87.65967947
41.905256	-87.63452878
41.7264743	-87.6263698
41.75231021	-87.65428696
41.94330987	-87.73346803
41.78127743	-87.61565243
41.86726481	-87.71391723
41.78463945	-87.64164438
41.78640901	-87.64981318
41.67077485	-87.61961899
41.94995389	-87.64957229
41.76622965	-87.57785572
41.82387397	-87.61387448
41.94784175	-87.6543479
42.01400961	-87.68129079
41.87105482	-87.69688858
41.84985263	-87.69539208
41.85119573	-87.70155975
41.74238338	-87.54421927
41.9000624	-87.62088426
41.83364708	-87.62060119
41.780722	-87.64967193
41.95994384	-87.76722572
41.8765882	-87.76012246
41.72885291	-87.55411868
41.87796215	-87.72681639
41.70270197	-87.6111987
41.74845823	-87.60515996
41.74470867	-87.6163713
41.98950274	-87.69572108
41.77632263	-87.60583838
42.00653363	-87.81762117
41.87536742	-87.62762099
41.89972579	-87.71889305
41.98105183	-87.83965884
41.99010759	-87.65521578
41.80316011	-87.62267765
41.82632535	-87.67150558
41.79879026	-87.68905898
41.99645774	-87.69593861
41.81304957	-87.70291051
41.90860635	-87.62595452
41.80379148	-87.6624105
41.83685977	-87.72599366
41.77735648	-87.63175052
41.77184205	-87.65672412
41.88639335	-87.76508077
41.8872316	-87.76422499
41.77539998	-87.64953048
41.86620244	-87.72308003
41.7737319	-87.65191644
41.96679462	-87.74402158
41.90347807	-87.6314331
41.69228943	-87.64785213
41.77755833	-87.61555825
41.74384622	-87.54303978
41.65960058	-87.59667637
41.78566567	-87.67286259
41.95799323	-87.71671595
41.71457649	-87.56218047
41.96736115	-87.73418378
41.87423629	-87.67465758
41.78582598	-87.73361464
41.9813162	-87.69511867
41.79651187	-87.74041325
41.73158112	-87.66294264
41.77724747	-87.6964201
41.82785153	-87.60837767
41.89483049	-87.76701509
41.89523856	-87.68683072
41.8899369	-87.63756411
41.88177008	-87.63530987
41.96445085	-87.65686677
41.84174575	-87.7256979
41.91159074	-87.73531182
41.76145023	-87.62321137
41.66685349	-87.62010881
41.74435904	-87.55141015
41.76271995	-87.62484679
41.96672861	-87.76744511
41.83103076	-87.62442425
41.77087584	-87.58626565
41.85593263	-87.71881319
41.80067943	-87.71421048
41.88472167	-87.75400872
41.74413733	-87.65842217
41.79833864	-87.69270525
41.69249346	-87.59870306
41.79586821	-87.62573237
41.69797838	-87.62923419
41.93743245	-87.64918049
41.80320189	-87.72198373
41.87746381	-87.76291633
41.75332296	-87.58410173
41.87373811	-87.70175271
41.8758603	-87.72066021
41.88322434	-87.6249713
41.88071404	-87.72670591
41.97316782	-87.71349527
41.8801227	-87.75354352
41.70273553	-87.53575805
41.70526786	-87.62932312
41.73897822	-87.66314418
41.89336074	-87.66606866
41.80922913	-87.70034366
42.00063554	-87.6704602
41.79139429	-87.65844739
41.79873131	-87.63168246
41.75846171	-87.61220124
41.70716055	-87.62382378
41.85239745	-87.63200286
41.81295381	-87.65526084
41.8810399	-87.64116754
41.75542593	-87.64659433
41.82240839	-87.69068234
41.86418606	-87.70437984
41.77625777	-87.60340112
41.87874365	-87.73612491
41.87082262	-87.7187477
41.74200822	-87.57823498
41.8819215	-87.73612837
41.77308704	-87.60886637
41.89432798	-87.71994015
41.79236146	-87.62402541
41.75594919	-87.61987456
41.74326762	-87.58744321
41.74771392	-87.55524651
41.77938414	-87.7313282
41.75336954	-87.70896282
41.7946992	-87.70603881
41.75035254	-87.61005655
41.93893746	-87.65772088
41.83972099	-87.72320693
41.86512986	-87.62737381
41.89055684	-87.71983667
41.76764753	-87.66025058
41.86829986	-87.69892051
41.8805108	-87.74406594
41.97012509	-87.69507228
41.88574096	-87.62499491
41.93608929	-87.72709656
41.88681103	-87.75529358
41.68957883	-87.53648808
41.85982927	-87.63026974
41.79706335	-87.58903848
41.90136716	-87.71895078
41.92611109	-87.77579308
41.88108608	-87.69509619
41.75715444	-87.65391337
41.76624968	-87.57548019
41.72492723	-87.62381517
42.01938178	-87.67248832
41.90981617	-87.79601223
41.87820261	-87.725584
41.88067917	-87.72946033
41.88322739	-87.73711139
41.84716441	-87.71364871
41.69113332	-87.6836282
41.87858255	-87.74639702
41.88360497	-87.70750184
41.89781945	-87.71395263
41.85600872	-87.64558908
41.92799852	-87.67320816
41.84634587	-87.70442248
41.90937534	-87.76597913
41.89394444	-87.76209757
41.77920033	-87.68786923
41.83594706	-87.73404599
41.75652925	-87.56389946
41.68282852	-87.64489941
41.75664045	-87.66359084
41.70715463	-87.62419739
41.77494685	-87.60656514
41.89877135	-87.70781292
41.73575689	-87.60332131
41.88506488	-87.71356905
41.69299237	-87.63515417
41.89011713	-87.64515722
41.82945069	-87.67526
41.87879882	-87.73144991
41.85605158	-87.62821881
41.97852489	-87.83658904
41.95608128	-87.72768654
41.95608128	-87.72768654
41.77934155	-87.67216489
41.72916228	-87.56214527
41.88041839	-87.72321652
41.74253872	-87.65352517
41.92111744	-87.76588247
41.78315717	-87.6609977
41.88375352	-87.62623239
41.84491178	-87.65032856
41.90650727	-87.76702211
41.7690705	-87.62666845
41.84557767	-87.62747503
41.75721134	-87.5633049
41.90450514	-87.64059087
41.87782218	-87.65518141
41.75459296	-87.74152854
41.75459296	-87.74152854
41.88784585	-87.62456034
41.92367262	-87.78630161
41.71831893	-87.57525608
41.96542582	-87.6551393
41.93698613	-87.64429705
41.96914132	-87.65094465
41.80048316	-87.58741453
41.91871165	-87.76551063
41.75152734	-87.58229024
41.91159074	-87.73531182
41.79155592	-87.63408195
41.88375352	-87.62623239
41.72101961	-87.61899001
41.88018642	-87.76853246
41.73627743	-87.62510451
41.87782218	-87.65518141
41.73627743	-87.62510451
41.89169066	-87.62636155
41.80048316	-87.58741453
41.96704069	-87.71821353
41.92361344	-87.79351167
41.89876792	-87.62411633
41.90316144	-87.71886746
41.78080364	-87.70230985
41.89182683	-87.71308499
41.91870866	-87.64368168
41.77333213	-87.71362303
41.88519172	-87.62448685
41.98427785	-87.67101243
41.70061469	-87.64263712
41.86709969	-87.72357447
41.88544654	-87.70201933
41.89789513	-87.62409661
41.96731629	-87.71333137
41.78995655	-87.6547662
41.77267834	-87.69200383
41.78240862	-87.66063887
41.86032013	-87.71768091
41.86866942	-87.74301085
41.9312879	-87.76539911
41.90325602	-87.71910532
41.99778841	-87.68657001
41.96867455	-87.7686193
41.86883505	-87.74106713
41.85033611	-87.72689024
41.8996101	-87.71523197
41.85279319	-87.71625185
41.83107329	-87.62021144
41.8628591	-87.62405075
41.87732994	-87.70518365
41.74134098	-87.59038584
41.80685685	-87.60431563
41.76378835	-87.68933595
41.96071719	-87.74797123
41.79808659	-87.58855721
41.83763426	-87.72559001
41.88809286	-87.75534813
41.76053253	-87.65157229
41.76415488	-87.64924303
41.76415488	-87.64924303
41.78382548	-87.64731801
41.73279434	-87.66298132
41.77979388	-87.63182661
41.78771301	-87.64255004
41.7820814	-87.61519616
41.80612057	-87.66368462
41.73993912	-87.58791775
41.86243578	-87.71204386
41.69473282	-87.53769867
41.81335527	-87.68583902
41.71975824	-87.57337473
41.81722704	-87.6374309
41.93059018	-87.71838378
41.89491667	-87.75730673
41.91739557	-87.72656807
41.72883584	-87.60463426
41.75427226	-87.71911687
41.75217043	-87.61373758
41.88315693	-87.76822354
41.75653027	-87.59074578
41.88065818	-87.73121214
41.71125951	-87.55175283
41.91300968	-87.8059052
41.90258249	-87.73184005
41.74224248	-87.71781714
41.88035077	-87.75687206
41.85841316	-87.72494547
41.87565385	-87.7377546
41.86132029	-87.70423906
41.89171014	-87.64584162
41.80169033	-87.70379207
41.67071554	-87.62422412
41.9121496	-87.736181
41.92137026	-87.76097849
41.81224459	-87.60443062
41.74984828	-87.63185591
41.93132286	-87.66109774
41.97855782	-87.83658879
41.68931221	-87.65905045
41.935181	-87.80664874
41.82828767	-87.64767274
41.76497458	-87.65931449
41.75089655	-87.62781331
41.73589781	-87.63844147
41.87566422	-87.74509084
41.94958197	-87.72749441
41.89537651	-87.63268615
41.77325985	-87.59377891
41.72062218	-87.66044484
41.93121916	-87.77038673
41.90356391	-87.72747047
42.00711743	-87.67000658
41.83131833	-87.67409238
41.81161481	-87.66749365
41.79718181	-87.70285334
41.90703235	-87.69697955
42.00838635	-87.70332564
41.90844492	-87.75223662
41.79436349	-87.72319356
41.73611947	-87.72754459
41.75626913	-87.58097786
41.79599755	-87.64843142
41.84807397	-87.71032202
41.68079054	-87.62520076
41.79355733	-87.62081814
41.8277901	-87.70209813
41.81075315	-87.74813541
41.89492967	-87.62515784
41.77757204	-87.61074067
41.65837467	-87.64644072
41.96649437	-87.72125236
41.89795922	-87.66309332
41.87989984	-87.68322514
41.89843848	-87.76966461
41.86181052	-87.71772902
41.87756511	-87.68479102
41.79249052	-87.61916511
41.97551745	-87.72956922
41.65182203	-87.61647285
41.7621603	-87.69908009
41.8020648	-87.61864069
41.83941298	-87.63900344
41.77542973	-87.64075349
41.66688601	-87.62225684
41.81817554	-87.63455183
41.6522159	-87.61890546
42.00188387	-87.69609416
41.70846348	-87.62594823
	
41.86789576	-87.64221251
41.85882915	-87.72784519
41.87352154	-87.71848318
41.9142041	-87.63349062
41.65460923	-87.6075573
41.9180403	-87.72291341
41.91879793	-87.67765705
41.92729	-87.72684915
41.9121496	-87.736181
41.93281253	-87.64435667
41.87889125	-87.7239985
41.97852489	-87.83658904
41.89660508	-87.66241328
41.7214209	-87.64654992
41.82454542	-87.69794377
41.82194984	-87.70451819
41.85837645	-87.71396997
41.75420459	-87.64933404
41.77310456	-87.67373566
41.90468813	-87.6427232
41.74970811	-87.6682767
41.75379463	-87.61982879
41.72220624	-87.66148328
41.75463564	-87.55088962
41.75468643	-87.55472984
41.88048626	-87.72566518
41.76404225	-87.66743959
41.78496959	-87.72782562
41.76033184	-87.60978323
41.91708522	-87.64845726
41.86221827	-87.63908716
42.00595102	-87.66102276
41.91142356	-87.69804912
41.78258242	-87.70489931
41.92977684	-87.65254035
41.81219013	-87.70733913
41.77073998	-87.74037204
41.80017952	-87.70252689
41.88309007	-87.68008974
41.77129623	-87.72914931
41.71424746	-87.61516064
41.83660077	-87.61677038
41.99123349	-87.69212098
41.90926237	-87.65276939
41.85102174	-87.61895485
41.82121883	-87.6184791
41.95056922	-87.75558179
41.77071568	-87.57397595
41.73721166	-87.63878271
41.90924637	-87.77606844
41.98806324	-87.66836161
41.9085179	-87.68536686
41.94702474	-87.74820311
41.91696854	-87.67879641
41.95080841	-87.70548839
41.77861932	-87.68362582
41.86548698	-87.72271237
41.97119141	-87.7293453
41.89748585	-87.76791357
41.76927362	-87.68581328
41.99553705	-87.67622617
41.865425	-87.62139377
41.77314553	-87.68090958
41.90252292	-87.63140683
41.90438611	-87.67973678
41.87856281	-87.74790639
41.90364414	-87.69073896
41.89702232	-87.73703819
41.77611101	-87.59974763
41.77339263	-87.67133515
41.79874193	-87.62580711
41.96815412	-87.73574282
41.77689887	-87.67979367
41.90080658	-87.62451253
41.84845848	-87.68169375
41.7799602	-87.63209978
41.79978346	-87.74906042
41.97107634	-87.71955002
41.77714211	-87.64714727
41.90177403	-87.70941457
41.7838609	-87.67160147
41.71184357	-87.64660793
41.79450951	-87.63330174
41.74614086	-87.65240616
41.77261505	-87.5740232
41.70835566	-87.6307397
41.79255369	-87.59486631
41.77954239	-87.73377584
41.97445955	-87.78221545
41.67716593	-87.61909813
41.9356942	-87.65639159
41.92491317	-87.68656061
41.92463014	-87.71488396
41.91053375	-87.65383232
41.92323941	-87.64140611
41.91550919	-87.71301005
41.88710051	-87.68658592
41.92043499	-87.75778644
41.77460423	-87.70180238
41.80924338	-87.6930111
41.92465795	-87.71241066
41.88202405	-87.69302308
41.88039587	-87.65279303
41.94806847	-87.64312638
41.69219696	-87.61826551
41.95033097	-87.77509682
41.77333227	-87.66281967
41.90650525	-87.75342242
41.89071052	-87.61435531
41.75812089	-87.5663544
41.9614824	-87.67685562
41.90609717	-87.62535403
41.93600635	-87.67180983
41.75313973	-87.56262426
41.77845723	-87.69337244
41.84318486	-87.7305984
41.93657554	-87.70876307
41.72453911	-87.64208423
41.69705009	-87.67398975
41.9448723	-87.73155666
41.92901571	-87.71087639
41.68261469	-87.64815251
41.92902698	-87.70941367
42.01603043	-87.66903815
41.95480245	-87.70071034
41.9377371	-87.6793265
41.74757768	-87.60825544
41.97236456	-87.65630497
41.87782218	-87.65518141
41.8239067	-87.61121785
41.77310456	-87.67373566
41.98072218	-87.67067782
41.83669261	-87.65354981
	
	
	
	
	
	
	
	
	
	
	
	
	
	
	
	
	
	
	
	
	
41.8194384	-87.61024451
41.85808595	-87.64693604
41.75655047	-87.59260005
41.97635197	-87.77574123
41.78342422	-87.60964833
41.87284832	-87.69914356
41.89762162	-87.76152485
41.77321226	-87.6908034
41.82353739	-87.70276361
41.86818094	-87.70927139
41.95390047	-87.9074726
41.65182203	-87.61647285
41.86818094	-87.70927139
41.86818094	-87.70927139
41.75761443	-87.58611527
41.74717215	-87.60142938
41.86818094	-87.70927139
41.86818094	-87.70927139
41.87140133	-87.72902997
41.89040464	-87.75176478
41.86365114	-87.71046084
41.77407189	-87.65977649
41.90229611	-87.75135567
41.90721645	-87.63968356
41.75693809	-87.58676816
41.78445257	-87.70163241
41.73634525	-87.62319855
41.71350066	-87.64058365
41.86521884	-87.69460422
41.90432343	-87.75830219
41.94587671	-87.72738614
41.75600726	-87.58753394
41.76359818	-87.66374941
41.73297066	-87.57440238
41.90355935	-87.72764684
41.78670825	-87.6675901
41.88001609	-87.70010088
41.86633267	-87.6392152
41.88428532	-87.69549034
41.88904309	-87.72468063
41.74385113	-87.57098005
41.87188486	-87.70409142
41.86687783	-87.71543722
41.76360295	-87.56537642
41.86818094	-87.70927139
41.97629041	-87.90522722
41.97629041	-87.90522722
41.89241695	-87.63202801
41.92581566	-87.76534842
41.76632558	-87.65293321
41.89630984	-87.7139011
41.78248862	-87.66305794
41.88468582	-87.71197891
41.87882333	-87.72932358
41.87525658	-87.72634627
41.86393007	-87.7194525
41.76970308	-87.66638028
41.87516582	-87.73362099
41.87272921	-87.72636284
41.87177702	-87.71403889
41.87790861	-87.73124529
41.88386143	-87.72821483
41.7719101	-87.68762339
41.73939763	-87.66589153
41.86651468	-87.77416714
41.74935993	-87.66220067
41.88439674	-87.74945428
41.77879007	-87.67028241
41.77864459	-87.67027657
41.87963621	-87.73625614
41.87057148	-87.72778212
41.91411828	-87.74650141
41.76226892	-87.65794997
41.76412036	-87.65592187
41.88041565	-87.72321655
41.90292316	-87.69728116
41.96602645	-87.65787231
41.86373346	-87.7165615
41.7513722	-87.66184989
41.87525463	-87.72649684
41.78674273	-87.66455
41.7789195	-87.664206
41.76465218	-87.66378244
41.76599195	-87.65778263
41.79461272	-87.65974483
41.77377535	-87.64264829
41.71145535	-87.65146484
41.77377535	-87.64264829
41.89425956	-87.71384011
41.97133827	-87.69511533
41.77737544	-87.79728783
41.85991223	-87.71889256
41.78994342	-87.65719385
41.93430059	-87.72460334
41.89220636	-87.71987965
41.93604605	-87.75054541
41.87589308	-87.70438624
41.86560419	-87.72514897
41.79305864	-87.65727113
41.87001012	-87.72645098
41.75135057	-87.55531254
41.8740798	-87.63066067
41.77166991	-87.64943446
41.7694492	-87.65908803
41.77306814	-87.64461351
41.76991675	-87.66395498
41.81973889	-87.61352089
41.80951902	-87.60738495
41.80832471	-87.62443255
41.82875084	-87.62362751
41.88055914	-87.70203807
41.75814185	-87.60413422
41.76603636	-87.66020511
41.77931212	-87.67420734
41.78672718	-87.6661232
41.78588223	-87.67044034
41.78050534	-87.67029774
41.95390047	-87.9074726
41.86818094	-87.70927139
41.8231923	-87.61853419
41.78239215	-87.66063904
41.78649959	-87.64981588
41.78579051	-87.66314455
41.74415121	-87.64870788
41.71651743	-87.62273193
41.77297208	-87.64461087
41.8070487	-87.60384397
41.76938037	-87.66515559
41.97629041	-87.90522722
41.79497274	-87.67068773
41.79312276	-87.67062977
41.7839335	-87.6129572
41.87097224	-87.70431332
41.88071535	-87.72643416
41.91958364	-87.75601938
41.78061065	-87.68489996
41.77342171	-87.67496419
41.79178884	-87.6620883
41.86368496	-87.70307782
41.86783713	-87.69960796
41.77781743	-87.6527201
41.80959465	-87.66743021
41.76788954	-87.66268573
41.76194868	-87.57620889
41.90270863	-87.7219501
41.88320837	-87.63445694
41.97163904	-87.75118821
41.89789513	-87.62409661
41.7496934	-87.62450631
	
41.78032315	-87.67392567
41.97310398	-87.65977967
	
41.68637069	-87.62892144
41.70801561	-87.64529363
41.89567177	-87.7519484
41.7505606	-87.64940937
41.95339974	-87.74877713
41.8774702	-87.67822288
41.79771831	-87.62092242
41.88030381	-87.63697827
41.6806851	-87.65783364
41.88151647	-87.63874243
41.87725862	-87.71225281
41.67909595	-87.6407441
41.90843054	-87.63850953
41.8811725	-87.76815656
41.99042144	-87.70356536
41.92859251	-87.70773849
41.77200392	-87.67946577
41.90993658	-87.62762243
41.87988689	-87.62935957
41.85853016	-87.71397583
42.02177727	-87.66676283
41.74110647	-87.61303302
41.77513633	-87.5902819
41.88104331	-87.76978814
41.96666958	-87.75016711
41.92763776	-87.6682325
41.83457964	-87.68150063
41.73380349	-87.5452439
41.87610831	-87.68486083
41.72131125	-87.56919523
41.85477087	-87.63014895
41.85753386	-87.62560361
41.99352594	-87.67533456
41.78033202	-87.68367086
41.92490358	-87.68729564
41.77426047	-87.62274747
41.92647604	-87.76238439
41.85456844	-87.65211253
42.00357011	-87.69980067
42.00223655	-87.6668675
41.89260283	-87.71500571
41.81410035	-87.59935831
41.77696564	-87.68479736
41.80797996	-87.64399028
41.83117617	-87.68576586
41.7758944	-87.77953767
41.90062965	-87.62831264
41.75003554	-87.55726702
41.97467824	-87.65496392
	
41.70277382	-87.64756867
41.86790793	-87.7311262
41.75144452	-87.67195284
41.90935971	-87.68719523
41.91525907	-87.63413676
41.93694608	-87.66964269
41.66818229	-87.64038528
41.88680517	-87.64475574
41.86734639	-87.63216624
41.9967778	-87.68741165
41.9967778	-87.68741165
41.94103415	-87.63933554
41.69204178	-87.66592364
41.81061071	-87.59353651
41.95349641	-87.65554518
41.79963938	-87.75638939
41.96812055	-87.76258263
41.74517565	-87.7010465
41.88939315	-87.63253485
41.75142421	-87.64284397
41.86821992	-87.66404656
41.91126995	-87.68968522
41.89758593	-87.68555452
41.88546635	-87.7001352
41.70299757	-87.62340447
41.97629353	-87.69893838
41.87388928	-87.63361483
41.90936893	-87.64945819
41.80797996	-87.64399028
41.92994427	-87.65254592
41.74621174	-87.63540603
41.78020523	-87.69829735
41.97873838	-87.82023972
41.83322493	-87.67781194
41.89039682	-87.76778144
41.83112222	-87.62590563
41.89169488	-87.62615583
41.89275303	-87.6241939
41.8902762	-87.63108919
41.88233367	-87.62784179
41.7016233	-87.62930794
41.92132056	-87.69580875
41.80909987	-87.72362963
41.87978069	-87.72405615
41.79951843	-87.59099784
	
41.75877233	-87.68553035
41.88920232	-87.61761146
41.76243084	-87.65283508
41.91626794	-87.69819581
41.76291526	-87.58847293
41.99961445	-87.68580101
41.75039031	-87.61652063
41.83576217	-87.63162307
41.80415465	-87.66728481
41.76576356	-87.58631763
41.89978844	-87.72499
41.70162154	-87.62946909
41.89155712	-87.63593787
41.69634827	-87.53045807
41.92452527	-87.75369655
41.89199038	-87.6114615
41.87347785	-87.65887701
41.751618	-87.64770869
41.74410697	-87.66449429
41.92278653	-87.64504512
41.92278653	-87.64504512
41.84597472	-87.73196687
41.92362043	-87.74628206
41.78022355	-87.6922073
41.73979854	-87.57941139
41.71616512	-87.57325224
41.7044161	-87.62469256
41.75021183	-87.67473233
41.76497115	-87.56151132
41.99359181	-87.66347405
	
	
41.91726396	-87.71833538
	
	
41.77855264	-87.70068942
	
	
	
	
	
	
41.86240588	-87.7146396
	
	
41.74716566	-87.57711917
	
41.87752634	-87.62927899
41.8363442	-87.62673983
	
41.7804394	-87.60372767
41.96840553	-87.71278394
41.7906997	-87.73992777
41.9979941	-87.70935481
41.78447697	-87.70008119
41.94708633	-87.7078334
41.747393	-87.58543861
41.89943253	-87.75816975
41.87390705	-87.72543009
41.97485303	-87.71354512
41.88428728	-87.66166081
41.85223538	-87.67175242
41.84591065	-87.70262471
41.93666461	-87.71609818
	
41.68821818	-87.53735791
	
41.91911684	-87.63991846
41.75809226	-87.56003608
41.97582767	-87.69756759
41.84437288	-87.71557307
41.97876895	-87.80698849
41.93930054	-87.71179449
41.8769047	-87.62904347
41.90530188	-87.69077743
41.89478087	-87.63491478
41.76389461	-87.68189767
41.76254423	-87.67225672
41.68836073	-87.6289876
41.80408454	-87.60552074
41.75692024	-87.58909201
41.98798287	-87.76752543
42.0112923	-87.68118975
	
41.76333778	-87.71624469
	
41.68625271	-87.63251787
41.87795957	-87.62431341
41.87380602	-87.69468028
41.90108126	-87.66293946
41.77428776	-87.73972346
41.93051515	-87.6388138
41.90731231	-87.69698779
41.76246487	-87.67468401
41.97460566	-87.66081929
41.90142898	-87.6698894
41.81122	-87.6151679
41.99133291	-87.70064302
41.87528637	-87.72419798
41.93989863	-87.75428142
41.93989863	-87.75428142
41.69618701	-87.62666131
41.6878375	-87.63498658
41.85308575	-87.72479408
41.73891046	-87.64977849
41.84904557	-87.70882978
41.9142041	-87.63349062
41.9790063	-87.90646316
41.91584125	-87.72896364
41.7649009	-87.57694394
41.92594687	-87.75753112
41.79458389	-87.62930735
41.89275303	-87.6241939
41.77013426	-87.62828805
41.67892203	-87.64559996
41.8806815	-87.7293832
41.95837913	-87.71550263
41.88201285	-87.62833005
41.876834	-87.70232075
41.88077315	-87.72181039
41.89252141	-87.74817194
41.88091259	-87.75508602
41.90173769	-87.71896192
41.89532803	-87.7666287
41.87815262	-87.63027089
41.87096784	-87.70451163
41.80706599	-87.72356088
41.81541953	-87.70271119
41.76545256	-87.62874619
41.90292066	-87.69732527
41.93557	-87.64519435
41.86954645	-87.72284629
41.89538698	-87.75806281
41.93025095	-87.66551528
41.75664045	-87.66359084
41.75034152	-87.65737139
41.70238093	-87.62576589
41.78701723	-87.6455056
41.75852986	-87.56636419
41.75420115	-87.64967857
41.92039427	-87.66845103
41.85465956	-87.71630365
41.68803325	-87.62393147
41.72075461	-87.53891254
41.94384413	-87.64938028
41.83981621	-87.61751617
41.8763964	-87.63073444
41.85012644	-87.69183276
41.92875567	-87.66983049
41.88238916	-87.62437461
41.96391435	-87.65477293
41.895409	-87.75316654
41.80492456	-87.73329352
41.69302227	-87.6279152
41.76877616	-87.58285156
41.86385135	-87.72632567
41.95215327	-87.83223165
41.76741544	-87.68576232
41.8819499	-87.73367874
41.8185851	-87.69452488
41.81273447	-87.69802016
41.88712975	-87.75428077
41.75093206	-87.62555545
41.97718143	-87.65783903
41.74621174	-87.63540603
41.68625271	-87.63251787
41.84690153	-87.64713269
41.94523828	-87.71267048
41.87939193	-87.75392834
41.82917291	-87.62710123
41.84196375	-87.71716696
41.87892626	-87.62933706
41.76763297	-87.66386508
41.77246819	-87.58383865
41.70466214	-87.61613523
41.88409313	-87.67552952
41.89601097	-87.62427907
41.93101267	-87.68786242
41.75473689	-87.56507898
41.7420489	-87.56000875
41.8941675	-87.62172476
41.87536111	-87.70596667
41.7738018	-87.64706189
41.88867401	-87.7471016
41.94731517	-87.64793529
41.88666507	-87.76508938
41.92427019	-87.63579118
41.90750111	-87.67738325
41.89594073	-87.74709392
41.69478059	-87.65050226
41.96538061	-87.65911092
41.86539738	-87.64066078
41.91762339	-87.72657693
41.74863459	-87.60268071
41.88708027	-87.63397037
41.86294431	-87.70714534
41.85094823	-87.71253676
41.96541041	-87.65671321
41.87274266	-87.72631131
41.78340035	-87.61327483
41.8804272	-87.75080871
41.83465041	-87.62843175
41.88518759	-87.63096129
41.87258593	-87.72159838
41.8181988	-87.69810556
41.99642097	-87.68983957
41.81668577	-87.68955831
41.71530806	-87.56733978
41.7081	-87.62174792
41.9790063	-87.90646316
41.87581951	-87.64148457
41.90718057	-87.69698542
41.82074861	-87.62854022
41.91112462	-87.6379329
41.70607019	-87.6536458
41.85265525	-87.72227651
41.88526052	-87.63391676
41.88867561	-87.74687756
41.69428551	-87.62315244
41.75870572	-87.5927512
41.91857831	-87.63618385
41.78620953	-87.6583111
41.90823289	-87.67866156
41.8164553	-87.59855738
41.7362724	-87.64413477
41.80623325	-87.67462837
41.93158276	-87.74279494
41.77445728	-87.60336287
41.77259714	-87.70361838
41.767101	-87.5726623
41.95386239	-87.64510423
41.73625998	-87.62806878
41.78135327	-87.63508375
41.78375742	-87.68376461
41.7128602	-87.59246461
41.91116009	-87.63518447
41.87545777	-87.71011122
41.76855971	-87.6632506
41.86421439	-87.69213249
41.98806324	-87.66836161
41.89670226	-87.62646422
41.70457429	-87.56558489
41.6889871	-87.6206369
41.65833698	-87.6051002
41.98289295	-87.72213619
41.87036407	-87.74489712
41.73714656	-87.64851115
41.75089655	-87.62781331
41.94332088	-87.71997068
41.74568557	-87.55035337
41.83612682	-87.61822148
41.92409423	-87.71372061
41.99636609	-87.68984012
41.79470542	-87.62186158
41.78689312	-87.6206426
41.96112373	-87.71353848
41.91468569	-87.64598088
41.80201154	-87.62199716
41.81036409	-87.61961953
41.98257408	-87.66728224
41.91293292	-87.69706422
41.86866942	-87.74301085
41.86885571	-87.74081728
41.67856617	-87.62052493
42.01225359	-87.69156032
41.83797937	-87.65118392
41.93950608	-87.76524165
41.75011109	-87.6367124
41.94560012	-87.82786091
41.88480734	-87.75033191
41.93112	-87.67678484
41.77834098	-87.70312224
41.66972782	-87.63682939
41.75977694	-87.64223398
41.78316852	-87.66012494
41.78946366	-87.65961172
41.69105594	-87.66770956
41.78620893	-87.64251485
41.78696539	-87.63193911
41.77979388	-87.63182661
41.77052591	-87.63535149
41.85348331	-87.72576301
41.76797856	-87.65540841
41.92626104	-87.7660684
41.77000079	-87.65303368
41.92733091	-87.7378107
41.79171665	-87.64387486
41.82811129	-87.67522602
41.79831157	-87.70369311
41.8767468	-87.64144152
41.85093648	-87.70032904
41.87436328	-87.64301304
41.93953143	-87.7382816
41.88809286	-87.75534813
41.92275984	-87.75733563
41.96508833	-87.67974915
41.76007104	-87.58576423
41.80320189	-87.72198373
41.87252552	-87.76153563
41.86806706	-87.63921847
41.75971621	-87.60054648
41.77844913	-87.69093811
41.8700736	-87.65677598
41.77624587	-87.6994106
41.96586898	-87.75901764
41.93894805	-87.76894413
41.77615028	-87.61552262
41.79599493	-87.76242543
41.93357111	-87.79678313
41.8609112	-87.69574471
41.90837964	-87.73630063
41.73625535	-87.62820806
41.88945317	-87.62799483
41.72128504	-87.65742325
41.99414127	-87.75767465
41.93182966	-87.72387345
41.88071796	-87.72640843
41.93194085	-87.76870088
41.72417532	-87.66031619
41.76627192	-87.65779069
41.8832254	-87.7372583
41.7844408	-87.70248685
41.72163574	-87.6303423
41.86698634	-87.65724542
41.93965145	-87.6719449
41.77924762	-87.6840851
41.7774634	-87.73981883
41.87856763	-87.6276886
41.68953007	-87.64350626
41.90291689	-87.62406675
41.77944647	-87.60164911
41.88441038	-87.65366484
41.75459296	-87.74152854
41.76371282	-87.69300582
41.8809356	-87.70915831
41.75089655	-87.62781331
41.76326385	-87.59699831
41.83808988	-87.70973263
41.8909541	-87.66891803
41.8474707	-87.71243458
41.72862764	-87.58673702
41.7040264	-87.56573056
41.74871026	-87.59905191
41.79343522	-87.70876482
41.74572808	-87.57344232
41.66054588	-87.55198212
41.72885281	-87.63295993
41.89490405	-87.62634448
41.74130441	-87.65969033
41.87903271	-87.73052236
41.89364913	-87.71412514
41.9269407	-87.6412963
41.8800475	-87.75768632
41.92841317	-87.6887118
41.89038424	-87.62410992
41.88315079	-87.74353491
42.0211776	-87.67220843
41.90927056	-87.64722927
42.01199481	-87.67017301
42.00584932	-87.6609944
41.90416925	-87.62868513
41.87654976	-87.7650872
41.93265505	-87.74909521
41.7043328	-87.63124125
41.88534739	-87.62792982
41.74897479	-87.69626355
41.87721279	-87.71088363
41.92422459	-87.74744138
41.8666042	-87.68667139
41.88183658	-87.74359106
41.9388804	-87.74294079
41.90966425	-87.74272882
41.78647607	-87.68944629
41.88534469	-87.71000045
41.94546677	-87.79666502
41.67781001	-87.64230265
41.7647071	-87.62489091
41.99975024	-87.68506384
41.89499307	-87.74691894
41.87960744	-87.70967431
41.93680697	-87.76216729
41.96710971	-87.66525548
41.7005517	-87.63539099
41.88588808	-87.62794224
41.86366317	-87.717781
41.90853835	-87.76709233
41.94722589	-87.65554544
41.93679292	-87.76320386
41.91085667	-87.75269235
41.90984267	-87.72954558
41.7099729	-87.68747815
41.93467139	-87.78513079
41.65001944	-87.53810276
41.97676298	-87.90098372
41.9674779	-87.73922401
41.91038615	-87.68283874
41.68435888	-87.66661075
41.75995174	-87.63123275
41.9097978	-87.73302509
41.85140716	-87.73383563
41.75302961	-87.55039605
41.65488463	-87.60510616
41.73190924	-87.55076616
41.76237977	-87.59011387
41.87380738	-87.69443059
41.87376326	-87.6993438
41.86933324	-87.68689355
41.84983398	-87.71659594
41.84037589	-87.62903315
41.87507433	-87.72045108
41.73706439	-87.57511628
41.97931448	-87.76763527
41.70748022	-87.53770265
41.91058325	-87.72635338
41.89428264	-87.72482922
41.96881582	-87.67461815
41.94435814	-87.64401551
41.68851632	-87.61951079
41.73024914	-87.64102287
41.6901628	-87.65204489
41.70981526	-87.66235945
41.75299661	-87.702487
41.910606	-87.66946741
41.88545144	-87.71197516
41.79183394	-87.65481607
41.93845625	-87.77556427
41.88997637	-87.71496493
41.96119197	-87.70740132
41.837648	-87.72923386
41.85139561	-87.73477905
41.75175106	-87.56466382
41.82362859	-87.63277918
41.80586417	-87.66489401
41.90617928	-87.66186854
41.80560016	-87.59191062
41.89760166	-87.62279223
41.93390513	-87.77362667
41.91037052	-87.68395574
41.80708701	-87.74925815
41.69188065	-87.67462104
41.75680141	-87.65268931
41.93392434	-87.77362651
41.73496495	-87.66061024
41.83531208	-87.66568487
41.80125229	-87.67222577
41.79879774	-87.66349681
41.73363151	-87.65692012
41.8918289	-87.71296009
41.93554929	-87.65881512
41.92095769	-87.71577925
41.93270235	-87.70253847
41.8629061	-87.65685888
41.80114959	-87.68453522
41.89908504	-87.76554496
41.8823617	-87.75566051
41.78920394	-87.70833653
41.88575151	-87.6284946
41.92441207	-87.65721639
41.80487652	-87.74309065
41.77774497	-87.6155635
41.70046646	-87.64263138
41.87716145	-87.67653695
41.70504232	-87.64877138
41.89120067	-87.64646043
41.7046205	-87.63431794
41.87281575	-87.70219872
41.8906649	-87.72105864
41.69189982	-87.64236788
41.70963876	-87.64047862
41.67716215	-87.61937271
41.77460577	-87.70058523
41.74141092	-87.71270988
41.87823255	-87.68635588
41.90980445	-87.65162843
41.84037589	-87.62903315
41.96773709	-87.77107287
41.77755833	-87.61555825
41.76692594	-87.61408223
41.77433521	-87.6070523
41.9095099	-87.754997
41.91023482	-87.65108747
41.87522978	-87.72854962
41.84328827	-87.66262193
41.87686213	-87.74376164
41.94670237	-87.65611708
41.76452561	-87.64560659
41.80770832	-87.73612855
41.84503325	-87.6440184
41.71698209	-87.65372497
41.85264504	-87.71117327
41.88424153	-87.66794464
41.96878102	-87.73545014
41.90475687	-87.66265488
41.90372286	-87.70999805
41.89444119	-87.74578906
41.7659468	-87.59556372
41.90475687	-87.66265488
41.9672784	-87.7169978
41.72919512	-87.56090662
41.87673695	-87.74880064
41.90468755	-87.66159396
41.97598387	-87.84493121
41.85839217	-87.66867153
41.90800314	-87.76707502
41.95435908	-87.72272506
41.93541	-87.79683755
42.00140996	-87.66205656
41.94330987	-87.73346803
41.9047928	-87.6314738
41.85393075	-87.62384107
41.89146573	-87.62415304
41.99501566	-87.6922412
41.78255354	-87.76190671
41.9729284	-87.70982385
41.90062424	-87.66221693
41.70273253	-87.53493048
41.88905422	-87.64226728
41.75254776	-87.61132925
41.81556015	-87.62780106
41.87981007	-87.72183794
41.88028735	-87.76175286
41.73853835	-87.66678345
41.78627481	-87.70163652
41.96529127	-87.71693606
41.80931493	-87.62080862
41.92626208	-87.76850474
41.90132818	-87.71424932
41.84056549	-87.62684019
41.72802938	-87.66284036
41.93631754	-87.70875456
41.85140716	-87.73383563
41.77619062	-87.60709369
41.91961208	-87.67558373
41.82369064	-87.60308642
41.89608313	-87.62976573
41.9035865	-87.69073586
41.86836141	-87.62584399
41.87097648	-87.70408564
41.93712191	-87.67827796
41.82028918	-87.70445005
41.78227994	-87.67155906
41.92859251	-87.70773849
41.88994035	-87.66164933
41.96334809	-87.72667276
41.85175768	-87.70595145
41.76574772	-87.57385493
41.93680799	-87.72186709
41.89262264	-87.70400177
41.9935587	-87.6554955
41.92688216	-87.65077049
41.91860682	-87.67399573
41.73093717	-87.57192043
41.80810184	-87.66981518
41.68210986	-87.6206469
41.85589694	-87.71880986
41.97515172	-87.69889823
41.78287571	-87.77046523
41.87863126	-87.76480805
41.89653833	-87.67219526
41.77263415	-87.69688733
41.78813939	-87.78409652
41.74049318	-87.65103682
41.87873785	-87.70370105
41.8355751	-87.6437823
41.75032872	-87.61369218
41.92424811	-87.74560018
41.85002539	-87.68313499
41.76055979	-87.68181045
41.72341936	-87.53693459
41.94674649	-87.65615337
41.91062096	-87.66825856
41.92323786	-87.70560443
41.76172759	-87.564816
41.7985267	-87.69148946
41.80897234	-87.74442123
41.88173675	-87.75145781
41.78877472	-87.73756938
41.935492	-87.77489914
41.935492	-87.77489914
41.77203906	-87.64324613
41.90822243	-87.67923476
41.7025136	-87.62458162
41.89596913	-87.67342791
41.76662773	-87.62172102
42.00454755	-87.66693536
41.77622931	-87.60583576
41.7955285	-87.7574971
41.68559364	-87.65068361
41.78483366	-87.62221273
41.78032836	-87.71789669
41.78135327	-87.63508375
41.92594299	-87.69256573
41.9779129	-87.69256723
41.84365426	-87.70501769
41.9046544	-87.75973188
41.94171968	-87.65578754
	
41.86319483	-87.65092698
41.92043499	-87.75778644
41.89334686	-87.62347847
41.89005303	-87.6287044
41.75487611	-87.68419517
41.85856801	-87.71031928
	
	
	
	
	
	
	
	
	
	
	
	
	
	
41.87782218	-87.65518141
41.88098341	-87.7732515
41.79859801	-87.68415754
41.97515172	-87.69889823
41.82716086	-87.64144736
41.88275745	-87.70960329
41.92581752	-87.76516835
41.8778092	-87.76173455
41.96080692	-87.74032282
41.7956004	-87.76310738
41.89299544	-87.75616338
	
41.86614819	-87.72682527
41.9002792	-87.68820142
41.94905353	-87.65368806
41.88705768	-87.64751474
41.9672476	-87.71944337
41.93331545	-87.74998592
41.75561323	-87.63442092
41.92101192	-87.74867966
41.87580831	-87.75074784
41.96081808	-87.73929691
41.92785108	-87.78436602
41.87345891	-87.72320561
41.95174157	-87.76448968
41.7647754	-87.62975428
41.75546452	-87.70815088
41.98687554	-87.65671401
41.76974934	-87.66395305
41.88360449	-87.7331161
41.94941918	-87.66408009
41.92894981	-87.65701046
41.87612122	-87.64100397
42.00791383	-87.66584791
41.86621554	-87.72193079
41.86298785	-87.70356558
41.80606161	-87.6734124
41.80093881	-87.589122
	
	
41.80937285	-87.70402497
42.00861253	-87.66189989
41.84737839	-87.70756142
41.97704348	-87.76899404
41.91224926	-87.71661635
41.81618072	-87.61677795
41.91027477	-87.69133007
41.98350293	-87.82345653
41.94891101	-87.73666514
41.98610706	-87.65809411
41.93885467	-87.744878
41.78584811	-87.60758238
41.80046889	-87.73139496
41.98014667	-87.84039772
41.94607644	-87.65560908
41.94933263	-87.64847244
41.93374417	-87.64458185
41.88205937	-87.68952311
41.94296312	-87.64936029
41.89102304	-87.61914102
41.94284099	-87.66875085
41.94670237	-87.65611708
41.94366415	-87.6463534
41.89729729	-87.62416199
41.76831036	-87.64934551
41.76623719	-87.66263696
41.97009907	-87.69384801
41.86221827	-87.63908716
41.75935057	-87.62316854
41.73567572	-87.64531358
41.88218128	-87.68001086
41.89027135	-87.66712182
41.91786093	-87.67218098
41.75112348	-87.70975051
41.75643175	-87.5600047
41.89317941	-87.63465676
41.76610638	-87.58966765
41.76763369	-87.68943679
41.98615167	-87.79124021
41.88923839	-87.66221492
41.95870902	-87.71306553
41.99372712	-87.78922993
41.9400184	-87.72232159
41.75812504	-87.60537689
41.97629041	-87.90522722
41.95626846	-87.73092373
41.95407368	-87.73681919
42.01981196	-87.66620926
41.88233367	-87.62784179
41.98241379	-87.82600302
41.96763195	-87.66116843
41.98265337	-87.74135226
41.96894829	-87.73174932
41.90664112	-87.75587884
41.73715131	-87.64242897
41.96085858	-87.73599483
41.89262841	-87.63115524
41.84181169	-87.70983962
41.85330368	-87.69913479
41.85557552	-87.71160738
41.73328316	-87.54700517
41.93091285	-87.70248995
41.88004859	-87.75354051
41.9254282	-87.65038912
41.89765683	-87.72615257
41.9893281	-87.69936808
41.90474507	-87.66157499
41.81771848	-87.72392574
41.78290109	-87.58749735
41.82353533	-87.70288837
41.86636193	-87.66638253
41.90225955	-87.75498161
41.79010357	-87.69034506
41.86623521	-87.72047309
41.75126637	-87.60613969
41.69958498	-87.6280815
41.77071789	-87.59111005
41.98581145	-87.69073723
41.94085238	-87.75676116
41.88190939	-87.70455492
41.83922365	-87.64630829
41.88350019	-87.6278767
41.82242198	-87.606854
41.82736804	-87.62590293
41.92634216	-87.79899711
41.90442781	-87.72945333
41.90532805	-87.72947791
41.9233663	-87.71818124
41.91708154	-87.73312952
41.7339775	-87.61930808
41.86365114	-87.71046084
41.88194781	-87.73380362
41.7216272	-87.62448518
41.88922751	-87.65895376
41.87889125	-87.7239985
41.77409047	-87.60092179
41.77968872	-87.60956567
41.89139933	-87.74447638
41.78490322	-87.62059497
41.92628702	-87.785548
41.76599713	-87.66382344
41.88237994	-87.6658818
41.68254824	-87.62230408
41.87690666	-87.62891493
41.87490869	-87.64244171
41.78243475	-87.77288899
41.93153092	-87.65727352
41.96409236	-87.68559091
41.75748394	-87.62798672
41.99314698	-87.65548148
41.73282294	-87.54993807
41.89283772	-87.77307817
41.78293249	-87.61569264
41.94688799	-87.67673335
41.87442306	-87.62533653
41.87665557	-87.71085966
41.72975695	-87.65559428
41.70592204	-87.6816043
41.91313654	-87.75748094
41.92309467	-87.75734364
41.87531241	-87.7218698
41.87458749	-87.7090365
41.72168173	-87.6271
41.93429154	-87.71063398
42.00366069	-87.707309
41.89773632	-87.74672488
41.97853746	-87.70227389
41.90131451	-87.72504163
41.76327523	-87.5923651
41.89417373	-87.62140147
41.8806301	-87.73371312
41.97795489	-87.79301987
41.95671236	-87.66911778
41.72079978	-87.63231112
41.75150346	-87.58409724
41.95488168	-87.66906694
41.75817476	-87.54993402
41.740972	-87.62272986
41.73221448	-87.62532866
41.79509227	-87.67190402
41.80884332	-87.74441508
41.87290865	-87.75802575
41.69204178	-87.66592364
41.90136716	-87.71895078
41.72852756	-87.66215011
41.77584336	-87.70306604
41.97685185	-87.65499969
41.88190759	-87.70472753
41.75923081	-87.62155352
41.75147116	-87.65255139
41.85260694	-87.69423786
41.73480988	-87.57323762
41.93039921	-87.65569053
41.89671455	-87.62534014
41.86684367	-87.62581667
41.87550838	-87.65697569
41.87398492	-87.68013473
41.81052166	-87.62824884
41.89789513	-87.62409661
41.98605324	-87.66014342
41.87536742	-87.62762099
41.88360858	-87.70715661
41.8846134	-87.70622871
41.88454597	-87.73737089
41.88239406	-87.6278448
41.87822214	-87.62728848
41.79385623	-87.68470413
41.76855971	-87.6632506
41.78572062	-87.69967294
41.75459296	-87.74152854
41.93931514	-87.70942733
41.83004508	-87.66555614
41.68578472	-87.65747644
41.92974382	-87.68427378
41.77875114	-87.68607358
41.75274991	-87.58333879
41.85346839	-87.69914417
41.64923464	-87.5468902
41.85071995	-87.69541649
41.69384067	-87.61340684
41.67149347	-87.64291558
41.91217695	-87.72518466
41.87245739	-87.73364998
41.6786805	-87.64559521
41.92302125	-87.7585716
41.7632645	-87.61399483
41.8796663	-87.73360462
41.92339542	-87.68603945
41.80759926	-87.74477493
41.89062646	-87.72105534
41.73671109	-87.66308714
41.78210152	-87.586502
41.75130534	-87.60362891
41.89417373	-87.62140147
41.85102174	-87.61895485
41.8280754	-87.62490449
41.79105659	-87.62336507
41.87814479	-87.63123304
41.89723066	-87.72186278
41.78960577	-87.72129521
41.86854191	-87.63923536
41.85102174	-87.61895485
41.85102174	-87.61895485
41.94032864	-87.77235389
41.77678175	-87.68479188
41.90971226	-87.73926766
41.89189329	-87.6280745
41.88347549	-87.62787697
41.73501469	-87.71285207
41.88836675	-87.64431663
41.69545286	-87.67782142
41.80046498	-87.7233704
41.95343636	-87.74627323
41.80929706	-87.59196703
41.88493098	-87.71622179
41.68480988	-87.64214721
41.83458642	-87.63232577
41.8804407	-87.74968492
41.94722581	-87.64263922
41.82943633	-87.68869674
41.74924703	-87.57107012
41.96435164	-87.66100068
41.87698221	-87.73408871
41.85431462	-87.7210751
41.70526786	-87.62932312
41.93321705	-87.7967714
41.9978005	-87.68579365
41.94725004	-87.65359694
41.87967189	-87.70388283
41.75295025	-87.55406184
41.87648844	-87.62427826
41.75477256	-87.56507856
41.97579191	-87.70202885
41.85540169	-87.63188561
41.75153084	-87.58198603
41.89752958	-87.62756804
41.77730987	-87.64080292
41.8801227	-87.75354352
41.77200044	-87.64458461
41.77294751	-87.63689427
41.78661655	-87.63278626
41.86832726	-87.69643468
41.8519231	-87.71113622
41.77094295	-87.59111479
41.76271995	-87.62484679
41.77274666	-87.57525341
41.75159781	-87.576719
41.8112053	-87.7485458
41.88246055	-87.62438116
41.75111606	-87.70486183
41.86449368	-87.639158
41.79291118	-87.70476175
41.77003326	-87.67366082
41.87683815	-87.63432072
41.89819321	-87.71762582
41.86651773	-87.69525212
41.77887716	-87.70884011
41.80074417	-87.70943836
41.82131868	-87.70202229
41.77654556	-87.79705277
41.74086025	-87.64861826
41.86171926	-87.7201638
41.71277213	-87.6053065
41.85467768	-87.70899156
41.84582075	-87.69282634
41.86236519	-87.71830373
41.97217712	-87.65060335
41.78249081	-87.65827678
41.96562933	-87.70238291
41.90824581	-87.67804057
41.91793087	-87.6681349
41.76014183	-87.65884093
41.98111065	-87.67955957
41.79914188	-87.62257901
41.75130534	-87.60362891
41.89460416	-87.71872911
41.7788213	-87.65448397
41.69805147	-87.66774729
41.76600333	-87.6869495
41.85980953	-87.70548363
41.74913247	-87.59300049
41.97105086	-87.76358612
41.78960114	-87.64990028
41.7425889	-87.54898392
41.92429378	-87.74220073
41.89108951	-87.65639265
41.91967912	-87.72663462
41.8995999	-87.69926829
41.78727627	-87.70460046
41.77888049	-87.78130847
41.905072	-87.72516026
41.79986478	-87.70619015
41.88536947	-87.63243193
41.75690645	-87.55552398
41.88158261	-87.62619758
41.90833955	-87.67428141
41.88158261	-87.62619758
41.86549556	-87.73004746
42.00410048	-87.66934255
41.85142977	-87.63849544
41.91375536	-87.66221165
41.85973323	-87.63027079
41.86725154	-87.63959443
41.65766759	-87.60340611
41.87687941	-87.63118814
41.88074275	-87.7243518
41.88242485	-87.62437788
41.77266371	-87.60701617
41.72118063	-87.62371719
	
	
41.89496242	-87.75114311
41.87942173	-87.75168077
41.88077543	-87.62702903
	
41.92543802	-87.68766139
41.91625996	-87.7494248
	
	
	
	
41.75611589	-87.60532629
	
41.91739557	-87.72656807
41.72967297	-87.66044931
41.74807424	-87.66337939
41.99015979	-87.72683023
41.9055146	-87.7247887
41.95207087	-87.72955894
41.74385924	-87.71685997
	
41.75577865	-87.60407668
	
41.74127811	-87.60068287
	
41.87507259	-87.74103892
41.8689988	-87.68452515
	
41.87444164	-87.7206811
	
	
	
41.88314905	-87.76495896
41.68094392	-87.5370998
41.8879076	-87.7464145
41.75724418	-87.56083791
41.77196196	-87.62028368
	
	
	
	
	
	
	
41.90715332	-87.63968057
	
41.84752834	-87.66595058
41.77604476	-87.59029341
41.74858012	-87.66025191
	
	
	
41.88065492	-87.73163813
	
41.81061071	-87.59353651
	
	
41.86809735	-87.71665907
41.89056437	-87.72227894
41.75973983	-87.61515209
41.86391976	-87.72266487
41.73683092	-87.64850351
41.76816741	-87.6590538
41.77532414	-87.6483178
41.76619527	-87.64076851
41.78629171	-87.66438601
42.00888812	-87.68356182
41.89275303	-87.6241939
41.87356689	-87.6960926
41.79556583	-87.76333139
41.87434958	-87.72608315
41.70007404	-87.56318866
41.79842927	-87.7445141
41.92886187	-87.66260456
41.83506281	-87.67002849
41.9343586	-87.63861407
41.67695123	-87.64187989
41.8475656	-87.64574925
41.92900747	-87.75386912
41.67599744	-87.64163021
41.89859586	-87.67590596
41.6980632	-87.6225067
41.70245691	-87.62074085
41.76176725	-87.59087966
41.91023482	-87.65108747
41.93698613	-87.64429705
41.96365372	-87.65108043
41.9592726	-87.71631021
41.87793755	-87.72891699
41.97701762	-87.69244749
41.77413787	-87.61188269
41.90312822	-87.63211284
41.74906435	-87.58713791
41.95340426	-87.74804918
41.77577385	-87.73576499
41.74112456	-87.60979737
41.75612996	-87.60408369
41.84752834	-87.66595058
41.97084134	-87.72076579
41.91612309	-87.71796054
41.91112462	-87.6379329
41.87978486	-87.72380641
41.84528806	-87.70871585
41.84752834	-87.66595058
41.75659088	-87.5773164
41.88747592	-87.70980712
41.86699654	-87.73106867
41.86374993	-87.71656135
41.88536428	-87.7364158
41.96307079	-87.65598421
41.87600508	-87.71084027
41.75094076	-87.62518522
41.74830702	-87.64153248
41.8014919	-87.74666095
41.79862914	-87.66470515
41.86788777	-87.68362221
41.95644824	-87.78889641
41.76331876	-87.59700135
41.76655205	-87.62013832
41.85090268	-87.73339989
41.81618072	-87.61677795
41.9174021	-87.63545446
41.89919254	-87.62533113
41.69955739	-87.60734506
41.93787359	-87.78105673
41.6715154	-87.64657555
41.78250768	-87.64310456
41.79352884	-87.61316881
41.93279069	-87.72088378
41.95790799	-87.67182234
41.93485304	-87.65151243
41.77678025	-87.69333412
41.77661019	-87.69089047
41.74053778	-87.71009111
41.99703189	-87.6604655
41.86966757	-87.71064843
41.88666681	-87.65749701
41.75802945	-87.57490253
41.80207672	-87.6179107
41.87880026	-87.7312002
41.88812579	-87.75534783
41.78288791	-87.58885046
41.77871621	-87.59559703
41.65139339	-87.54473437
41.75833106	-87.61940469
41.91747911	-87.69837119
41.84199967	-87.62133423
41.71074459	-87.60149848
41.70150095	-87.56398824
41.68135774	-87.62061859
41.9114191	-87.66771021
41.89612734	-87.66378096
41.89612734	-87.66378096
41.88288059	-87.69802348
41.76941447	-87.66394187
41.76654025	-87.62979731
41.79270639	-87.76390679
41.67372342	-87.6381626
41.77845328	-87.68483737
41.7488904	-87.60147949
41.79341753	-87.71005583
41.7695869	-87.67001428
41.85209363	-87.71988135
41.80429137	-87.64669261
41.71919522	-87.62618219
41.91857008	-87.69025855
41.86221827	-87.63908716
41.75656131	-87.66602525
41.76154342	-87.60912452
41.9124176	-87.67048836
41.7524376	-87.64571365
	
41.77190705	-87.62028063
41.75643657	-87.58098324
41.79835755	-87.708596
41.89446573	-87.62424106
41.97480339	-87.65153881
41.94670237	-87.65611708
41.7507649	-87.56987213
41.87076413	-87.72167082
41.90820179	-87.63157974
41.69861289	-87.66896818
41.68642349	-87.60828718
41.86701385	-87.62582213
	
41.76187458	-87.57495988
41.88893262	-87.75644234
42.00581719	-87.69625727
41.76894585	-87.56821963
41.88118222	-87.76015117
41.9141514	-87.73378891
41.88893288	-87.75649375
41.77661019	-87.69089047
41.89275303	-87.6241939
41.66990444	-87.63563428
41.70190364	-87.68148009
41.66990444	-87.63563428
41.96817666	-87.73374959
41.7740699	-87.59727433
41.77997505	-87.63093738
41.90842459	-87.75965405
41.8080803	-87.70703802
41.77213777	-87.73525985
41.9118818	-87.64152879
41.93338477	-87.65986329
41.88893198	-87.71978611
41.82134785	-87.618485
41.93560656	-87.80252157
41.87710251	-87.64721361
41.92540634	-87.753729
41.79227698	-87.73661652
41.77583464	-87.61551514
41.86645197	-87.701226
41.97932797	-87.66969927
41.94748541	-87.65674105
41.91787786	-87.74275229
41.9055283	-87.71045437
41.71661515	-87.55237288
41.76711471	-87.57100527
41.68954378	-87.62101152
41.97685096	-87.64929936
41.88935953	-87.75784512
41.81457997	-87.61400785
41.7006845	-87.63151164
41.92982251	-87.65376362
41.73195756	-87.61313158
41.75229796	-87.60523017
41.80213753	-87.58650411
41.76801495	-87.64812797
41.79581365	-87.58255087
41.75692728	-87.67332226
41.69938721	-87.60733965
41.88416114	-87.67255791
41.90755396	-87.67176568
41.90826559	-87.62587746
41.86197244	-87.71773114
41.7668458	-87.57142267
41.91787786	-87.74275229
41.91420265	-87.63190345
42.01018908	-87.70328946
41.78694571	-87.7165207
41.89432785	-87.62814321
41.72982047	-87.65194841
41.88118222	-87.76015117
41.83481079	-87.64767284
41.91175639	-87.72195194
41.89155712	-87.63593787
41.7429913	-87.63202582
41.9267085	-87.64512423
41.88592312	-87.65331462
41.7193228	-87.59711921
41.95115257	-87.65271363
41.88966854	-87.68018064
41.85008373	-87.67172688
41.85236807	-87.66434031
41.85136552	-87.73796528
41.94045368	-87.76264565
41.92292727	-87.75734147
41.90955454	-87.70700596
41.88166358	-87.62776103
41.94743784	-87.68221224
41.99259912	-87.78344213
41.94584349	-87.76990153
41.96943874	-87.78072901
41.94854769	-87.64799561
41.97264297	-87.66165632
41.76138076	-87.71618281
41.75397491	-87.55017933
41.94814556	-87.79852099
41.86778389	-87.6959371
41.70505017	-87.64824761
41.84113489	-87.64513918
41.77898459	-87.63502513
41.90397186	-87.66262636
41.83004508	-87.66555614
41.77181986	-87.65065361
41.85552494	-87.6978538
41.8957732	-87.62177672
41.68060233	-87.66244336
41.92642862	-87.77337232
41.73361326	-87.63868226
41.88504448	-87.64128957
41.99418032	-87.78873681
41.88809286	-87.75534813
	
	
	
41.65585644	-87.59568711
	
41.94345324	-87.69393056
41.89478944	-87.76982892
41.73720322	-87.64973064
41.94406784	-87.82763409
41.93471844	-87.72215901
41.88488361	-87.75401461
41.87924732	-87.69705333
	
41.92165605	-87.6589431
41.86393007	-87.7194525
41.72436197	-87.66032157
41.79126581	-87.66087264
	
41.84596886	-87.68547357
41.90393327	-87.62913588
41.89598038	-87.74411842
41.9471781	-87.65721482
41.91912435	-87.77920857
41.94434468	-87.8020374
41.81944643	-87.6198672
41.94979599	-87.7454354
41.79989803	-87.70373993
41.92729485	-87.74038707
41.87053045	-87.71799783
41.87393596	-87.75548304
41.70044103	-87.53770154
41.86240233	-87.7149994
41.89884668	-87.64198172
41.88096415	-87.70684091
41.87929112	-87.74169031
41.83232928	-87.61698315
41.9048355	-87.71174316
41.91186235	-87.67749658
41.91881729	-87.64853428
41.90393122	-87.62924978
41.87369664	-87.75482428
41.89670179	-87.62638709
41.88813174	-87.62954817
41.91629219	-87.71674277
41.77902055	-87.69994422
41.77789848	-87.76953353
41.88651112	-87.61819604
41.97249664	-87.75581392
41.88764063	-87.61934028
41.86519446	-87.72758689
41.89478238	-87.63471275
41.91219587	-87.7630995
41.75491552	-87.56265799
41.7206609	-87.535291
41.69800123	-87.6271431
41.67565217	-87.63220461
41.77448342	-87.60705429
41.77763519	-87.61556106
41.90087681	-87.63733884
41.85727922	-87.62391786
41.8544296	-87.673455
41.89077773	-87.6345801
41.84559866	-87.70629055
41.7731084	-87.64263345
41.8740798	-87.63066067
41.93087392	-87.65058828
41.77901282	-87.66420869
41.90497939	-87.69693014
41.98581512	-87.69681351
41.76355647	-87.60675235
41.76876058	-87.58889285
41.76486489	-87.6678013
41.90263725	-87.77417166
42.02114855	-87.67002637
41.7726813	-87.63192978
41.8843891	-87.70686621
41.66981825	-87.64044094
42.00259512	-87.65779103
41.9093254	-87.7697709
41.90437011	-87.63146007
41.73643683	-87.61893643
41.7789195	-87.664206
41.72191837	-87.58513701
41.76133661	-87.57619409
41.89138456	-87.66837735
41.78303119	-87.61086271
41.72488131	-87.61422166
41.98077882	-87.80543826
41.89182683	-87.71308499
41.77115447	-87.6821065
41.8936221	-87.71675151
41.7691803	-87.68581055
41.93323527	-87.71423487
41.77173651	-87.66400571
41.75563372	-87.64417322
41.75671962	-87.60749284
41.92674849	-87.64264334
41.72103935	-87.61775169
41.74309842	-87.66143409
41.96161524	-87.72539865
41.90982929	-87.67660996
41.86694608	-87.65973501
41.8830301	-87.75760814
41.88360858	-87.70715661
41.89182832	-87.71285359
41.76762879	-87.66267745
41.87735292	-87.70286643
41.86453886	-87.7086827
41.87450313	-87.76465003
41.71097268	-87.66036603
41.88733118	-87.65335844
41.75094076	-87.62518522
41.90761994	-87.76118583
41.75341953	-87.64654242
41.88320758	-87.67280643
41.88572959	-87.62582133
41.96913938	-87.65108073
41.88361118	-87.70713087
