Lat	Long
44.94899	-93.263046
45.04451	-93.310883
44.978649	-93.233833
44.978512	-93.23349
44.975861	-93.275513
44.973202	-93.234306
44.901989	-93.231972
44.984589	-93.243347
45.048962	-93.289299
44.948502	-93.238701
44.941921	-93.296173
44.976681	-93.272926
44.977989	-93.275528
44.9324	-93.287308
44.89846	-93.286102
44.949211	-93.254692
44.971722	-93.273682
44.990372	-93.217972
44.975861	-93.265198
44.922901	-93.217056
44.941341	-93.249908
44.910069	-93.21611
44.982761	-93.290833
44.94611	-93.239418
44.987968	-93.256378
44.972439	-93.262123
44.967331	-93.240829
44.96788	-93.277107
45.008511	-93.311691
44.944729	-93.288139
44.953739	-93.252457
44.999989	-93.305679
45.005981	-93.23716
44.960072	-93.246727
44.98502	-93.268768
44.965431	-93.231071
44.942188	-93.264214
45.02103	-93.293968
45.00103	-93.291458
44.948349	-93.214012
44.972431	-93.284447
44.909779	-93.257919
44.973461	-93.263779
45.010319	-93.289619
45.013	-93.24662
44.94862	-93.253159
44.953259	-93.256599
44.940441	-93.271217
44.993221	-93.253281
44.976299	-93.266243
44.969742	-93.247063
44.942188	-93.245743
45.04068	-93.290527
44.941189	-93.280212
44.92226	-93.262962
44.979408	-93.271751
44.91264	-93.32618
45.00964	-93.313339
44.966549	-93.234756
44.972431	-93.284447
44.98716	-93.252502
44.916752	-93.213081
44.976681	-93.272926
44.979099	-93.271759
45.00964	-93.310783
45.00882	-93.284477
45.03006	-93.2883
44.97678	-93.2771
44.982738	-93.243988
45.016682	-93.247147
44.973518	-93.227814
45.01329	-93.269981
45.050671	-93.31913
44.99971	-93.291862
45.001961	-93.308006
44.980171	-93.236298
44.93977	-93.278351
44.899689	-93.278091
44.96431	-93.273102
44.949348	-93.236366
44.982761	-93.290642
44.97657	-93.271103
44.946819	-93.321968
45.00108	-93.292992
44.98864	-93.277077
44.926651	-93.252777
44.949409	-93.297318
45.006519	-93.310181
44.91272	-93.326851
44.948101	-93.255577
44.949459	-93.233856
44.976971	-93.2724
44.988522	-93.278793
44.945518	-93.284668
44.9813	-93.2733
44.946281	-93.259727
44.944908	-93.302521
44.977379	-93.273087
44.926682	-93.231682
44.967281	-93.31649
44.97781	-93.255539
44.99094	-93.254517
44.99889	-93.292908
44.99913	-93.28952
44.96859	-93.326363
44.949348	-93.236366
44.991131	-93.247726
45.03767	-93.288483
44.95813	-93.270653
44.95438	-93.274979
44.965988	-93.290894
44.963848	-93.238899
44.990009	-93.296097
44.997162	-93.300339
44.952679	-93.27919
44.981098	-93.30304
44.947472	-93.252899
44.917542	-93.248932
44.980419	-93.273689
44.935909	-93.281418
44.99094	-93.254517
44.976929	-93.271568
44.962318	-93.268066
44.953541	-93.289879
44.957329	-93.279633
45.008438	-93.290894
45.008282	-93.245872
44.944359	-93.283432
45.01125	-93.241188
45.035858	-93.295677
45.020222	-93.314247
44.902828	-93.223953
44.93774	-93.253693
44.965561	-93.283707
44.94838	-93.227089
44.948372	-93.253777
44.990841	-93.291481
44.949631	-93.252098
44.96933	-93.278587
44.975681	-93.27211
45.047661	-93.288559
44.971668	-93.269203
44.98175	-93.299507
45.006989	-93.236168
44.979801	-93.269814
45.005531	-93.257133
44.979408	-93.271751
44.942211	-93.280159
44.948078	-93.298653
44.903019	-93.303207
44.989151	-93.252289
44.945961	-93.205612
44.995579	-93.2547
45.004391	-93.228127
44.946838	-93.233147
44.930679	-93.257843
44.944969	-93.281929
44.90638	-93.220688
44.993778	-93.302299
45.00877	-93.306587
45.018661	-93.315887
44.919121	-93.291229
45.01107	-93.271721
45.030258	-93.247017
45.005119	-93.292122
44.994141	-93.30069
44.968441	-93.258911
44.983711	-93.27211
44.981239	-93.246689
44.974751	-93.275017
44.962688	-93.277817
44.998878	-93.294983
44.912842	-93.259842
44.955849	-93.261864
44.960911	-93.261101
44.98452	-93.244926
44.973751	-93.225929
44.922298	-93.269287
44.97459	-93.276123
44.945099	-93.288551
44.94635	-93.241623
44.980911	-93.273727
44.94886	-93.26683
44.976929	-93.271568
44.976681	-93.272926
45.001751	-93.314232
44.9529	-93.302483
44.954288	-93.263512
44.9655	-93.241096
44.946659	-93.272842
44.948502	-93.289261
44.981239	-93.246689
44.905281	-93.198532
44.957512	-93.245956
44.99527	-93.250267
45.038109	-93.30629
44.977379	-93.273087
44.906078	-93.298103
44.991199	-93.302559
44.984879	-93.297668
45.018742	-93.29847
45.006008	-93.271873
44.940948	-93.230247
44.99189	-93.318092
44.981838	-93.306671
44.98605	-93.2901
44.950909	-93.25412
44.948849	-93.254143
44.992489	-93.31041
44.94577	-93.324348
44.936081	-93.225861
44.937561	-93.289642
44.933289	-93.208023
44.928139	-93.264603
45.016861	-93.309532
45.02829	-93.317719
44.973042	-93.270287
45.000061	-93.266472
44.981178	-93.236877
44.948689	-93.231857
45.038059	-93.303757
44.968529	-93.257988
44.970219	-93.247253
44.935822	-93.262123
44.978958	-93.287827
45.023048	-93.291656
44.95713	-93.287613
44.949291	-93.277763
44.965389	-93.244667
44.91254	-93.234108
45.005482	-93.24511
44.938061	-93.277527
44.920792	-93.230499
45.0341	-93.309448
44.988949	-93.24807
44.949459	-93.233856
45.043919	-93.299431
44.935471	-93.265961
45.005939	-93.252472
44.944538	-93.280647
44.928619	-93.288277
45.01078	-93.2714
45.013802	-93.293411
44.98167	-93.271667
44.980141	-93.272781
44.962448	-93.287086
45.015732	-93.310417
44.959621	-93.280098
44.900131	-93.28788
44.97213	-93.251259
44.991009	-93.311722
44.96965	-93.281662
44.946411	-93.239594
44.982769	-93.296341
44.973419	-93.229927
44.961609	-93.25145
44.967461	-93.279083
44.951698	-93.25972
44.999142	-93.291054
44.962688	-93.26767
44.948769	-93.281853
44.95834	-93.288948
44.982029	-93.272987
45.01403	-93.247704
44.958038	-93.301453
44.944462	-93.250343
44.974751	-93.275017
44.93412	-93.230843
44.948441	-93.31739
45.03339	-93.308517
44.957722	-93.268791
44.980091	-93.270859
44.96888	-93.26255
44.983711	-93.27211
44.951939	-93.294434
44.947708	-93.230469
44.976639	-93.276947
44.982681	-93.271606
44.956108	-93.299759
44.998421	-93.250183
44.954041	-93.29805
44.917782	-93.32618
44.913422	-93.282318
44.993488	-93.312431
44.932259	-93.22673
44.98452	-93.295662
44.966789	-93.28183
44.94836	-93.288094
44.981041	-93.237167
44.983608	-93.271957
45.013168	-93.242241
45.011902	-93.31041
44.96117	-93.288429
44.981781	-93.27243
44.972641	-93.248894
44.990719	-93.216698
44.950539	-93.214371
44.95911	-93.27961
44.915691	-93.277618
44.981178	-93.236877
44.965778	-93.274384
44.96537	-93.237968
44.94836	-93.23819
44.969959	-93.25589
45.007629	-93.249428
45.024471	-93.228432
45.021671	-93.308662
44.935768	-93.287811
45.002609	-93.22998
44.97477	-93.261307
44.975609	-93.273872
44.929909	-93.218231
44.936272	-93.275703
44.955391	-93.233543
45.013168	-93.24733
44.994961	-93.306061
45.014671	-93.24765
44.967251	-93.247658
44.948521	-93.264793
45.012348	-93.303551
44.903671	-93.230118
45.01688	-93.284523
44.994701	-93.293694
44.979408	-93.271751
44.972599	-93.281059
44.978191	-93.27977
45.0224	-93.30793
44.913422	-93.282318
44.943539	-93.265579
45.004391	-93.228127
44.972431	-93.284447
44.98764	-93.255432
44.917061	-93.227997
45.01252	-93.284119
44.916752	-93.213081
44.976681	-93.272926
44.968349	-93.268127
45.0299	-93.246323
45.030331	-93.243782
45.002029	-93.2985
44.977379	-93.273087
44.972099	-93.262398
44.984749	-93.275887
45.005001	-93.284721
45.01247	-93.303551
44.956459	-93.235153
44.936581	-93.277527
44.987652	-93.229378
45.023682	-93.27224
44.97155	-93.274277
45.002609	-93.22998
44.99025	-93.29277
44.983131	-93.233131
44.962662	-93.247337
44.967331	-93.240829
44.90134	-93.318459
44.96719	-93.218079
45.045929	-93.311447
44.945042	-93.250351
44.966331	-93.247261
44.97155	-93.274277
44.953751	-93.28933
44.917858	-93.222954
44.987171	-93.228851
44.951351	-93.298073
44.951511	-93.235672
45.014469	-93.311691
44.999001	-93.312958
44.987389	-93.271599
44.981621	-93.27375
44.948139	-93.269913
44.972542	-93.276703
45.025242	-93.269943
44.977219	-93.230133
45.04829	-93.287292
44.946709	-93.240242
44.973789	-93.316841
44.976681	-93.272926
45.033649	-93.252647
44.975529	-93.27282
44.948502	-93.238701
44.958389	-93.240784
44.962719	-93.256813
44.990391	-93.29763
44.97958	-93.272568
44.971111	-93.258629
45.012791	-93.26059
44.975498	-93.271011
44.9781	-93.257858
44.978321	-93.276077
44.954578	-93.261307
45.031921	-93.267693
44.919399	-93.214249
45.020561	-93.290192
45.029301	-93.243233
44.948372	-93.234283
45.01585	-93.302811
44.983799	-93.305428
44.999142	-93.291054
44.949348	-93.236366
44.94701	-93.271927
44.974751	-93.275017
44.930279	-93.264091
44.981239	-93.246689
44.92321	-93.284416
45.00103	-93.28994
44.993069	-93.306961
44.973309	-93.22506
44.975849	-93.272903
44.99086	-93.217422
45.009521	-93.289261
44.994942	-93.252617
44.962959	-93.287682
44.953892	-93.287857
44.948132	-93.290451
44.954189	-93.257141
44.971371	-93.267128
44.938202	-93.287781
44.915359	-93.316681
44.9884	-93.271729
44.979881	-93.301422
44.9884	-93.271729
44.9884	-93.271729
44.987968	-93.256378
44.959911	-93.280823
44.937962	-93.269814
44.963009	-93.27565
44.9175	-93.26281
44.95105	-93.234917
44.99971	-93.291862
45.014519	-93.247704
44.976681	-93.272926
44.927361	-93.227402
44.972099	-93.262398
44.964691	-93.256371
44.9711	-93.271927
45.007629	-93.264931
44.955528	-93.257523
44.927429	-93.241348
44.992229	-93.308861
44.980141	-93.272781
44.986591	-93.31501
44.961182	-93.280807
45.011452	-93.315903
45.012348	-93.303551
44.949581	-93.298683
44.973148	-93.267418
44.927078	-93.330742
44.959141	-93.251129
44.947929	-93.231979
44.937618	-93.265488
44.951511	-93.235672
44.954288	-93.311981
44.95195	-93.256287
45.01918	-93.302269
44.999699	-93.301628
44.906528	-93.250633
45.01918	-93.302269
45.03014	-93.245773
45.006828	-93.290512
44.969841	-93.277809
44.946369	-93.270653
44.963188	-93.246483
45.03083	-93.247017
44.995369	-93.266403
45.009151	-93.295387
44.974751	-93.275017
45.015961	-93.316238
44.980499	-93.27327
44.970741	-93.280128
44.97366	-93.230301
44.960609	-93.281769
44.910069	-93.291733
44.948132	-93.272041
44.917011	-93.26281
44.979961	-93.272614
44.951511	-93.235672
44.990009	-93.296097
44.988392	-93.272652
44.959259	-93.288437
44.9627	-93.210022
44.984379	-93.294083
44.90683	-93.21814
44.940231	-93.321274
44.960918	-93.258011
44.96637	-93.233963
44.950039	-93.28936
44.986252	-93.313728
44.978802	-93.273643
44.949459	-93.233856
45.004532	-93.261276
44.90601	-93.203438
44.959911	-93.280823
44.98061	-93.270149
44.993801	-93.250198
45.021622	-93.305382
44.899078	-93.288467
44.962528	-93.2686
44.977619	-93.273117
44.97578	-93.277962
44.987228	-93.25267
45.00539	-93.307114
44.95747	-93.325302
44.92651	-93.268509
44.928791	-93.2827
44.990471	-93.229202
44.978199	-93.279762
44.948349	-93.269028
44.952271	-93.264481
44.959129	-93.252373
45.038609	-93.31134
44.981289	-93.272018
44.998211	-93.220398
44.948921	-93.271942
44.95216	-93.28849
44.928902	-93.283493
44.976318	-93.270889
44.949329	-93.222023
44.97015	-93.211357
44.98893	-93.253189
45.020309	-93.28804
44.976898	-93.27224
44.97657	-93.271103
44.97958	-93.276093
44.977982	-93.274788
44.983341	-93.22963
44.948372	-93.257591
44.968651	-93.277893
44.94931	-93.279129
45.03484	-93.25827
44.977089	-93.27446
44.949348	-93.236366
44.974751	-93.275017
44.94836	-93.284302
44.974751	-93.275017
44.972401	-93.274109
44.96962	-93.27961
44.967369	-93.278252
44.94318	-93.320282
45.01614	-93.247704
44.928051	-93.258362
44.943169	-93.270233
44.9412	-93.207314
44.947441	-93.297279
44.968399	-93.209343
44.948662	-93.252151
44.97578	-93.277962
44.948109	-93.232727
45.050671	-93.294998
44.998909	-93.256088
44.964439	-93.279861
44.980202	-93.271111
44.894981	-93.276878
44.946232	-93.252892
45.003471	-93.246536
45.003262	-93.30674
44.962688	-93.274017
45.033001	-93.313248
44.986431	-93.243568
44.916409	-93.292488
45.022968	-93.316856
44.990688	-93.24884
44.953949	-93.282402
44.956291	-93.297569
44.902161	-93.242943
45.027569	-93.234283
44.995098	-93.24733
44.948978	-93.247803
44.922798	-93.316742
44.948189	-93.283409
45.022732	-93.307938
44.970921	-93.255081
45.007359	-93.272072
44.927502	-93.257843
44.983929	-93.240646
45.010101	-93.311142
44.95435	-93.292236
44.94836	-93.298286
44.947441	-93.297279
45.000679	-93.26384
44.955181	-93.277496
44.960541	-93.293518
44.95113	-93.306587
44.976681	-93.272926
44.976681	-93.272926
44.959129	-93.252373
44.890881	-93.288742
44.96875	-93.248421
44.981171	-93.274094
45.011879	-93.297203
45.011299	-93.31295
44.999401	-93.29435
45.008011	-93.295929
44.967251	-93.261452
45.0098	-93.259201
45.011791	-93.246788
44.974419	-93.273621
44.926449	-93.269791
44.98045	-93.271339
44.962952	-93.286407
44.972469	-93.272751
44.93861	-93.267197
44.965069	-93.272392
44.967121	-93.290268
44.989491	-93.281113
44.927078	-93.330742
44.948132	-93.291412
44.999401	-93.29435
44.992001	-93.281464
44.915352	-93.298859
44.968441	-93.258911
45.017281	-93.291443
45.00539	-93.296051
44.97821	-93.269279
44.95195	-93.262642
44.951511	-93.255913
44.976681	-93.272926
44.98798	-93.2257
44.948372	-93.240318
44.926971	-93.289833
44.935188	-93.211838
44.977242	-93.275169
44.91082	-93.249481
45.002171	-93.306511
44.973061	-93.291229
44.977131	-93.27774
45.048222	-93.292412
44.917759	-93.32106
44.949348	-93.236366
44.926689	-93.282173
45.01181	-93.285172
45.015049	-93.241959
44.990559	-93.299789
45.033619	-93.309441
44.905109	-93.22171
44.93969	-93.222443
44.974751	-93.275017
44.945148	-93.29158
44.929951	-93.256538
44.931992	-93.27697
44.925652	-93.260902
44.901058	-93.220741
44.920509	-93.249451
44.925652	-93.261612
45.02137	-93.294701
44.974751	-93.275017
44.97839	-93.26123
44.948139	-93.249229
45.043621	-93.296249
44.969372	-93.25795
44.992279	-93.294456
45.015961	-93.308952
45.014702	-93.24765
44.97543	-93.273247
44.93391	-93.214958
45.027908	-93.295341
44.991959	-93.214249
44.920979	-93.213692
44.976929	-93.271568
44.963341	-93.260078
44.949459	-93.233856
44.960651	-93.25518
44.976681	-93.272926
44.976681	-93.272926
44.97958	-93.272568
44.912811	-93.250778
45.019131	-93.293968
45.02626	-93.31694
44.969311	-93.270844
44.998249	-93.2892
45.019669	-93.281769
44.947651	-93.241348
44.940559	-93.207993
44.951511	-93.235672
44.949348	-93.236366
44.970211	-93.266434
44.976978	-93.277832
44.924591	-93.212387
45.00893	-93.242264
44.943859	-93.205482
44.97374	-93.225471
44.974731	-93.22567
44.926941	-93.265022
44.966839	-93.279709
44.998562	-93.286812
44.988762	-93.29464
44.948372	-93.286812
45.00222	-93.309113
45.013119	-93.288017
44.92403	-93.248932
45.011269	-93.316177
45.01487	-93.262878
44.980141	-93.290031
44.965199	-93.285118
44.990559	-93.299789
44.977982	-93.274788
44.908161	-93.251534
45.027279	-93.283531
44.95554	-93.279831
44.9916	-93.231773
44.967331	-93.240829
44.974751	-93.275017
44.965149	-93.262558
44.907829	-93.319191
44.99276	-93.230392
44.998508	-93.256508
44.948212	-93.298653
44.954578	-93.261307
45.034981	-93.246964
44.999889	-93.297707
44.94796	-93.298653
45.01099	-93.315514
44.955151	-93.288231
45.020111	-93.313713
44.914799	-93.256599
44.90279	-93.218719
44.960911	-93.288002
44.99218	-93.23745
45.029991	-93.294823
44.98859	-93.234863
44.96521	-93.290901
44.97229	-93.260391
44.94231	-93.211769
44.96521	-93.290901
44.974442	-93.27179
44.96521	-93.290901
44.91164	-93.250259
45.003868	-93.308197
44.924049	-93.28273
44.913311	-93.249474
44.914848	-93.268677
44.939289	-93.238663
44.972271	-93.261353
44.946678	-93.223343
44.979759	-93.299812
44.98048	-93.30584
44.9468	-93.301376
44.967709	-93.279327
45.013809	-93.295937
44.921921	-93.226662
44.974209	-93.274048
45.016788	-93.272278
44.93293	-93.262871
44.958221	-93.266586
44.93671	-93.272362
45.005791	-93.311699
44.915878	-93.262398
44.947071	-93.269928
44.977379	-93.273087
44.94865	-93.208611
44.972172	-93.277496
44.99815	-93.291458
44.99044	-93.237648
44.967899	-93.239449
44.948109	-93.232727
44.954632	-93.283943
44.905281	-93.198532
44.959129	-93.252373
44.97179	-93.213654
44.953548	-93.264473
44.948109	-93.283928
44.97604	-93.275368
44.97821	-93.269279
44.929138	-93.233757
44.956032	-93.266991
44.971458	-93.266273
44.942039	-93.289803
45.04052	-93.291077
44.949459	-93.233856
45.035782	-93.316322
44.944099	-93.292862
45.000912	-93.256271
44.97958	-93.276093
44.992401	-93.311142
44.944099	-93.292862
44.954941	-93.285873
44.955399	-93.285393
45.009998	-93.260033
44.992619	-93.232323
44.93837	-93.320763
44.946602	-93.283028
44.987839	-93.234581
45.01783	-93.269836
44.937752	-93.26001
44.977379	-93.273087
45.01075	-93.312408
44.945808	-93.281837
44.95216	-93.28849
45.016651	-93.236847
44.968189	-93.242477
44.95533	-93.230217
44.933899	-93.27063
45.018391	-93.309174
44.892632	-93.304604
45.035191	-93.302628
44.99741	-93.2994
44.955528	-93.24736
44.948349	-93.275391
44.978199	-93.279762
45.013142	-93.295403
45.003559	-93.305382
44.96059	-93.288437
45.04121	-93.291077
44.946678	-93.224716
44.97718	-93.275887
44.985512	-93.307907
44.95171	-93.276268
45.007408	-93.30278
44.920181	-93.247704
44.907478	-93.205032
44.955872	-93.241692
44.901192	-93.277153
44.96426	-93.263222
44.935791	-93.255913
44.986729	-93.245796
44.987968	-93.215187
44.983189	-93.236992
44.968689	-93.210403
44.898869	-93.221321
44.932201	-93.259064
44.975639	-93.276817
44.95401	-93.228813
44.948078	-93.298653
44.95557	-93.233093
44.99192	-93.223213
44.9841	-93.231422
44.962841	-93.272377
44.940521	-93.28524
44.92675	-93.213676
44.971458	-93.266273
45.007431	-93.283798
44.916752	-93.213081
44.999802	-93.307289
44.949291	-93.277763
44.947708	-93.230469
44.981709	-93.24157
44.976681	-93.272926
44.941132	-93.284882
45.03669	-93.291389
44.906368	-93.276176
45.012821	-93.294937
44.985001	-93.280777
44.962261	-93.270554
44.93375	-93.281021
44.911171	-93.293732
44.985279	-93.250359
44.969349	-93.281342
44.943279	-93.30114
44.98428	-93.254288
44.977859	-93.271408
44.98608	-93.308289
44.901112	-93.209259
45.018848	-93.299179
44.99847	-93.218079
44.972641	-93.248894
44.907681	-93.236877
44.99073	-93.251717
44.977982	-93.274788
44.94117	-93.247757
44.94117	-93.247757
44.92662	-93.228661
44.961819	-93.242073
44.97802	-93.277023
44.975601	-93.310539
44.94862	-93.254417
44.973991	-93.280083
44.924709	-93.229927
44.974751	-93.275017
44.978802	-93.274849
44.991741	-93.240593
44.982941	-93.228844
44.978802	-93.273643
44.977982	-93.274788
44.981178	-93.236877
44.948372	-93.297012
44.983711	-93.271332
44.957512	-93.245956
44.93718	-93.222588
45.005699	-93.26339
44.92384	-93.280899
44.926941	-93.262512
44.976681	-93.272926
44.976231	-93.271477
44.993099	-93.312431
44.922798	-93.214943
45.021858	-93.307373
45.009209	-93.24675
44.994961	-93.306061
44.95554	-93.253708
45.019501	-93.300987
44.945259	-93.326019
44.963589	-93.273087
44.989891	-93.2285
45.011902	-93.31041
44.949921	-93.264771
44.96479	-93.260658
44.944592	-93.208397
45.00486	-93.304047
44.949669	-93.229523
44.93021	-93.287849
44.99704	-93.306061
44.908009	-93.205833
44.927952	-93.210564
44.938492	-93.267189
45.02198	-93.257629
44.956532	-93.285118
44.98455	-93.242569
45.039391	-93.293068
44.997082	-93.299217
44.968159	-93.224823
44.96344	-93.258621
44.939522	-93.302177
44.953602	-93.280022
44.94685	-93.230003
44.941849	-93.264709
45.035461	-93.288109
44.948502	-93.296898
44.899841	-93.224731
44.893162	-93.267616
45.024651	-93.309982
44.956532	-93.266991
44.966068	-93.281471
44.985779	-93.236687
44.921242	-93.29113
44.948372	-93.234283
44.97506	-93.274017
44.916069	-93.247299
44.9487	-93.232719
44.995232	-93.297173
45.014702	-93.252708
44.95734	-93.252411
44.9627	-93.288002
44.951981	-93.227028
44.959381	-93.276917
44.918819	-93.278351
44.956139	-93.256569
44.919121	-93.291229
44.949291	-93.277763
44.994389	-93.261002
44.959122	-93.261093
44.9734	-93.247803
44.98283	-93.237129
44.948029	-93.28019
44.99448	-93.261208
45.01395	-93.252708
45.007439	-93.307312
44.944988	-93.24781
44.979961	-93.272614
45.050789	-93.293159
44.969009	-93.249512
44.95195	-93.257561
44.93483	-93.235573
44.982868	-93.273697
44.971668	-93.269203
44.949291	-93.277763
44.983608	-93.271957
44.906052	-93.235191
44.979221	-93.233437
45.009918	-93.284462
44.980911	-93.260857
44.97068	-93.261307
44.949402	-93.319511
45.015961	-93.308952
45.00024	-93.292587
45.004028	-93.264961
45.01379	-93.271461
44.991261	-93.312447
44.994251	-93.317703
44.990841	-93.22451
44.952572	-93.247772
44.978321	-93.276077
44.90242	-93.287621
44.99889	-93.292908
44.903961	-93.275963
44.93396	-93.264603
44.983471	-93.247177
45.050991	-93.29628
44.999142	-93.287987
45.010471	-93.306602
44.939548	-93.2537
44.950729	-93.249031
44.914791	-93.326157
44.977051	-93.278313
44.979408	-93.271751
44.94883	-93.300133
44.969872	-93.279327
44.98877	-93.302849
44.917919	-93.325493
45.008881	-93.241257
44.95594	-93.23645
44.949081	-93.266129
45.040989	-93.288513
44.916752	-93.213081
44.955681	-93.294411
44.97374	-93.225471
45.01405	-93.305351
45.010342	-93.291428
44.930439	-93.276573
45.049332	-93.29644
45.05051	-93.288589
45.016689	-93.239929
44.943649	-93.26609
45.044392	-93.305122
44.97459	-93.276123
44.965069	-93.278267
44.98048	-93.273857
44.973061	-93.291229
44.938969	-93.268028
44.949291	-93.277763
44.967651	-93.264259
44.995899	-93.263962
44.976131	-93.255966
44.983139	-93.308678
44.948151	-93.295113
44.9548	-93.252823
44.941792	-93.217484
44.976681	-93.272926
44.965679	-93.289391
45.000961	-93.305328
44.94804	-93.235039
45.027229	-93.291512
44.951511	-93.235672
44.959332	-93.237358
45.019958	-93.3041
44.918949	-93.273201
44.977982	-93.274788
44.939541	-93.237213
45.000359	-93.314232
44.996449	-93.30481
45.00378	-93.3106
44.944519	-93.230431
45.02734	-93.241226
44.99926	-93.303513
44.951439	-93.28714
45.01524	-93.24659
44.948109	-93.283928
44.966099	-93.273712
44.948071	-93.289742
44.962711	-93.262558
44.96043	-93.254181
44.98621	-93.240883
44.973282	-93.308701
45.015961	-93.308952
44.959122	-93.288017
44.96373	-93.266571
44.90572	-93.255379
44.970089	-93.269829
44.98484	-93.246048
45.03339	-93.308517
45.010891	-93.237442
44.977169	-93.250557
44.968441	-93.258911
44.999809	-93.262909
44.996349	-93.281593
45.031071	-93.31395
44.956459	-93.235153
44.947868	-93.27066
44.949669	-93.229523
44.995579	-93.239967
44.96413	-93.254578
45.006519	-93.311348
44.97113	-93.223267
44.977909	-93.271149
44.984989	-93.246407
44.960049	-93.283882
45.014381	-93.239967
44.97113	-93.223267
44.986568	-93.303589
44.974442	-93.27179
44.954578	-93.261307
45.047218	-93.317833
44.977859	-93.271408
45.034031	-93.296127
44.948502	-93.261139
44.949291	-93.277763
45.045849	-93.300041
45.014278	-93.257011
44.967171	-93.267662
44.97113	-93.223267
44.92643	-93.262131
44.943611	-93.261543
44.96933	-93.278587
44.94865	-93.290283
44.96048	-93.2686
44.993641	-93.279404
44.898689	-93.239632
45.016521	-93.286919
44.99667	-93.305351
44.991199	-93.3013
45.010231	-93.306053
44.96431	-93.273102
45.001362	-93.295013
44.974979	-93.273857
44.985989	-93.223061
44.991131	-93.247726
44.970692	-93.275269
44.980499	-93.27327
44.94656	-93.240623
44.984379	-93.245277
44.982441	-93.238136
45.010208	-93.31041
44.993172	-93.217346
44.96431	-93.273102
44.948372	-93.252502
44.973148	-93.267418
44.907631	-93.254639
44.948101	-93.21244
44.99337	-93.298447
44.994831	-93.293694
45.000969	-93.311127
45.024231	-93.309822
44.997742	-93.286751
45.006618	-93.246819
44.967831	-93.225677
44.96772	-93.28083
44.97509	-93.271446
44.9687	-93.263611
45.03846	-93.292702
44.89809	-93.312119
44.98457	-93.280037
44.960911	-93.276543
45.003262	-93.30674
44.976681	-93.272926
44.978271	-93.264053
44.980499	-93.27327
45.005322	-93.289948
45.034321	-93.29541
44.963821	-93.287819
44.99509	-93.297546
44.931641	-93.282608
44.984669	-93.24028
44.97076	-93.278229
44.962688	-93.26767
44.980228	-93.31633
44.950291	-93.286179
44.914398	-93.230927
44.980499	-93.27327
44.948109	-93.253593
44.95076	-93.291267
44.978802	-93.274849
44.947289	-93.282547
44.94706	-93.28717
44.959869	-93.25145
44.96048	-93.2686
44.980141	-93.272781
44.957069	-93.28447
44.95554	-93.253708
44.948502	-93.238701
44.97731	-93.231018
44.958191	-93.285851
44.988392	-93.272652
45.0051	-93.257469
45.019669	-93.281769
45.00845	-93.292152
44.976051	-93.276917
44.94585	-93.220016
44.95472	-93.247749
44.948662	-93.252151
44.96468	-93.240913
44.951771	-93.281639
44.983318	-93.229927
44.999149	-93.292587
44.991261	-93.312973
44.989399	-93.213371
44.982811	-93.311447
44.988209	-93.242577
45.010231	-93.28064
45.020481	-93.270203
44.972	-93.308723
44.9884	-93.271729
45.020321	-93.29055
44.957481	-93.276939
44.940521	-93.26722
44.960121	-93.260651
45.021358	-93.307907
44.96093	-93.252327
44.948078	-93.298653
44.947399	-93.32795
44.999161	-93.294121
45.029701	-93.291397
44.96059	-93.288437
45.010189	-93.239983
45.009781	-93.290894
44.976681	-93.272926
44.984619	-93.248589
44.941311	-93.286888
44.948502	-93.241142
44.949459	-93.233856
44.984402	-93.220032
44.954609	-93.268349
44.972149	-93.217102
44.962749	-93.240929
45.00555	-93.227432
44.948509	-93.240067
44.965012	-93.263588
44.93364	-93.237572
44.934471	-93.212471
44.952221	-93.290977
44.970772	-93.267906
44.980419	-93.273689
44.98045	-93.271339
44.968079	-93.209969
45.049061	-93.288017
45.00259	-93.291054
44.999142	-93.291054
44.929291	-93.212372
45.02047	-93.288406
44.920261	-93.218407
44.9809	-93.272728
45.00869	-93.244057
45.03104	-93.229637
45.00462	-93.306168
44.906891	-93.234451
44.974072	-93.274162
44.92775	-93.208557
44.99482	-93.302841
44.970692	-93.275269
44.970692	-93.275269
44.960651	-93.25518
45.038479	-93.310417
45.03714	-93.288269
44.955181	-93.282501
44.995682	-93.240692
44.98719	-93.273323
44.982922	-93.290642
44.964741	-93.263222
44.957722	-93.268791
44.95005	-93.293182
44.982471	-93.281403
44.983341	-93.22963
44.950001	-93.223328
45.01366	-93.246979
44.972099	-93.262398
44.954578	-93.261307
45.031361	-93.229752
44.941799	-93.252068
44.970261	-93.267326
44.968658	-93.268723
44.949631	-93.252098
44.944271	-93.245209
45.007339	-93.311691
44.94836	-93.262672
44.988281	-93.216171
44.952171	-93.294617
45.029942	-93.285957
44.977051	-93.278313
44.899139	-93.303223
44.99741	-93.295647
45.015491	-93.295219
45.01955	-93.290741
44.997131	-93.2407
44.94836	-93.262672
44.99527	-93.250267
44.93095	-93.267967
44.942928	-93.277924
45.019779	-93.318047
45.001652	-93.301872
44.976681	-93.272926
44.998711	-93.257538
44.948662	-93.297897
44.945881	-93.326057
44.923592	-93.259644
44.899422	-93.232727
44.987782	-93.275421
44.948139	-93.2687
45.034771	-93.29406
45.008591	-93.284477
44.952518	-93.323174
44.934769	-93.266632
45.034721	-93.31073
45.050789	-93.286758
44.913609	-93.228729
44.99242	-93.211502
44.987659	-93.223862
44.94722	-93.281837
45.029942	-93.285957
45.045929	-93.312721
44.993038	-93.227409
44.948238	-93.24868
45.020012	-93.233002
44.973202	-93.272469
44.97963	-93.272499
44.92131	-93.213692
44.97718	-93.275887
44.977299	-93.269539
44.982811	-93.303612
44.95005	-93.293182
45.005329	-93.244537
44.933311	-93.235008
44.968559	-93.270844
45.00602	-93.30822
45.020561	-93.290192
45.001209	-93.294518
44.946171	-93.277283
44.949039	-93.321281
44.93895	-93.271828
44.977379	-93.273087
44.976681	-93.272926
44.949291	-93.277763
45.007599	-93.314972
44.954632	-93.283943
44.94453	-93.267303
44.9561	-93.223549
44.999142	-93.287987
45.007832	-93.309486
44.980968	-93.309914
44.98061	-93.270149
44.947208	-93.222031
45.032711	-93.296127
45.004768	-93.308533
44.968899	-93.287529
44.98568	-93.25206
44.946381	-93.281776
44.976681	-93.272926
44.955952	-93.257843
44.96418	-93.272942
44.998699	-93.269058
44.999142	-93.287987
44.933929	-93.209839
44.933929	-93.209839
44.9734	-93.2724
44.919319	-93.246391
44.976379	-93.270653
44.919498	-93.322151
44.952789	-93.299171
44.917439	-93.215691
44.922081	-93.206009
44.93816	-93.302559
44.890629	-93.280678
44.939522	-93.302177
44.948372	-93.252502
44.9482	-93.297318
44.95697	-93.280113
44.993778	-93.241249
44.987968	-93.215187
44.942951	-93.235893
45.030201	-93.30938
44.999161	-93.295631
44.988079	-93.221809
44.987629	-93.226547
44.983292	-93.244789
44.998249	-93.2892
44.966579	-93.210693
45.009918	-93.284462
44.973701	-93.269997
44.945671	-93.243622
44.993778	-93.304092
45.007172	-93.299713
44.986328	-93.247871
44.948078	-93.280869
45.006371	-93.30603
45.021278	-93.238663
44.94986	-93.220009
44.96376	-93.241699
44.996738	-93.262802
44.968441	-93.218773
44.997379	-93.287987
45.02248	-93.304123
44.913311	-93.32357
44.998089	-93.268288
44.984749	-93.275887
44.94849	-93.262093
44.99828	-93.297859
44.976929	-93.271568
44.9911	-93.305092
44.910831	-93.313408
44.988079	-93.221809
45.03125	-93.296112
44.97958	-93.276093
45.03669	-93.291389
44.988079	-93.221809
44.988041	-93.232292
44.928841	-93.273666
44.949291	-93.277763
44.98151	-93.237671
44.975861	-93.275513
44.978802	-93.274849
45.015099	-93.285843
44.934109	-93.235924
44.920361	-93.21653
45.023891	-93.299622
44.930882	-93.239357
45.045849	-93.300041
44.935261	-93.226128
44.958199	-93.279152
44.90453	-93.264282
44.9492	-93.266129
44.940948	-93.207993
44.962528	-93.233528
44.949291	-93.277763
44.992481	-93.302834
45.014881	-93.238701
44.966888	-93.284073
44.967819	-93.266068
44.96627	-93.219238
45.033939	-93.259102
44.937691	-93.216232
44.904049	-93.22538
44.94379	-93.254112
44.915081	-93.217438
45.013031	-93.243492
44.949459	-93.233856
44.953979	-93.277496
44.931641	-93.216942
44.91254	-93.234108
44.96059	-93.288437
44.9692	-93.226791
45.016521	-93.247704
45.03714	-93.288269
44.96228	-93.296539
44.93914	-93.255852
44.971199	-93.230919
44.9963	-93.264503
44.911388	-93.222458
45.03249	-93.258522
45.01088	-93.289619
45.01395	-93.265846
44.996521	-93.312424
44.902981	-93.288727
44.947441	-93.297279
45.014721	-93.240692
44.962688	-93.277634
44.987839	-93.249992
44.966091	-93.220093
44.950291	-93.286179
44.934429	-93.25457
44.954578	-93.261307
44.984192	-93.284393
45.003151	-93.26181
44.987839	-93.249992
44.936562	-93.250267
44.96418	-93.276947
44.947491	-93.276863
44.991058	-93.211952
44.947399	-93.26564
44.991058	-93.211952
44.991058	-93.211952
45.020512	-93.296494
44.958611	-93.259079
44.934929	-93.250259
44.99873	-93.2994
44.930168	-93.29052
44.996342	-93.240692
44.980961	-93.267967
44.958019	-93.251984
44.96257	-93.291878
44.965221	-93.277809
44.96236	-93.289902
44.973061	-93.291229
45.014778	-93.294037
44.948589	-93.271271
44.973061	-93.291229
44.973061	-93.291229
44.900219	-93.209267
44.963749	-93.236427
45.012241	-93.305344
44.983791	-93.266701
45.002449	-93.292122
44.959202	-93.272758
44.975861	-93.275513
44.964748	-93.25396
45.03167	-93.29229
44.899368	-93.208557
44.941349	-93.277924
45.024658	-93.293999
44.901649	-93.216187
44.907921	-93.257942
44.96386	-93.246933
44.966282	-93.26255
44.902672	-93.220718
44.930882	-93.256538
44.909199	-93.285629
44.973148	-93.267418
44.91806	-93.32299
44.96851	-93.243729
44.945671	-93.243622
44.960018	-93.246758
44.939678	-93.225098
44.980911	-93.260857
44.980911	-93.260857
45.021488	-93.231697
44.948502	-93.298286
44.963959	-93.277817
45.020962	-93.233948
45.006519	-93.311348
44.980808	-93.259842
44.962688	-93.277817
44.914711	-93.317947
44.89431	-93.269089
44.997131	-93.2407
45.015381	-93.297737
44.99474	-93.305351
44.95575	-93.223549
44.988041	-93.232292
45.029091	-93.292267
45.04163	-93.29361
44.968609	-93.298424
44.950932	-93.298447
45.006519	-93.311348
44.93969	-93.301788
44.94043	-93.216209
45.000011	-93.24704
44.963299	-93.232628
45.008301	-93.312958
45.006519	-93.311348
44.951431	-93.250313
44.974751	-93.275017
44.94981	-93.25721
44.909859	-93.22068
45.023979	-93.295639
44.973549	-93.314713
44.954288	-93.311981
44.999161	-93.294121
45.007259	-93.309128
44.960041	-93.259216
45.029121	-93.29409
44.983212	-93.297028
44.956459	-93.235153
44.949329	-93.291008
45.008202	-93.246941
45.02663	-93.296562
44.999222	-93.299049
44.954578	-93.261307
44.9188	-93.250504
45.002911	-93.261803
44.998249	-93.2892
45.035511	-93.231079
45.02998	-93.29863
44.978199	-93.279762
45.01059	-93.263412
44.999161	-93.297157
45.005859	-93.314247
44.94865	-93.301819
44.94865	-93.301819
44.94865	-93.301819
44.960701	-93.229233
44.965431	-93.231071
44.972431	-93.284447
45.01482	-93.264938
44.923359	-93.326973
44.948372	-93.25631
44.94865	-93.301819
44.924061	-93.230476
44.94865	-93.301819
44.94865	-93.301819
44.94865	-93.301819
44.94865	-93.301819
45.023079	-93.295959
44.955391	-93.233543
44.970718	-93.246872
44.94865	-93.301819
44.94865	-93.301819
44.96867	-93.26709
44.998249	-93.2892
44.950352	-93.222023
44.983551	-93.230019
44.94865	-93.301819
44.963211	-93.230209
44.984241	-93.247742
44.976681	-93.272926
44.99004	-93.247429
45.004471	-93.240997
44.893959	-93.290863
44.994919	-93.29863
44.988152	-93.28157
44.941669	-93.270592
44.9645	-93.275642
44.967548	-93.283897
45.01458	-93.280487
44.942001	-93.230141
44.898472	-93.239082
44.973309	-93.224991
45.01252	-93.284119
44.936401	-93.267159
45.019669	-93.308647
44.988861	-93.255669
45.04982	-93.289307
44.98045	-93.271339
45.013241	-93.309509
44.995232	-93.295639
44.945122	-93.254128
44.944481	-93.204079
44.996342	-93.308212
44.992298	-93.298576
44.97044	-93.277092
44.968761	-93.29097
44.979801	-93.269814
45.039612	-93.28849
44.914558	-93.230507
45.000191	-93.26796
44.912109	-93.221947
45.018349	-93.295952
44.920261	-93.218407
44.994919	-93.29863
44.93095	-93.324852
44.915371	-93.317947
44.916248	-93.31797
44.955349	-93.247742
44.970619	-93.264069
45.032719	-93.298683
44.949291	-93.277763
44.96159	-93.277458
44.921761	-93.269852
44.97979	-93.236122
44.987309	-93.244667
44.948639	-93.280739
44.940311	-93.252052
44.9828	-93.308678
45.028229	-93.24379
44.949348	-93.236366
44.96867	-93.26709
44.930981	-93.260857
44.968029	-93.26255
44.936111	-93.262123
44.95438	-93.274979
45.011581	-93.30497
44.972099	-93.262398
44.948219	-93.271988
44.99831	-93.23674
44.938332	-93.29493
44.96608	-93.307426
44.998249	-93.2892
44.943779	-93.23246
44.948662	-93.296097
44.998249	-93.2892
44.963539	-93.251289
44.973202	-93.24762
44.980499	-93.271988
44.987839	-93.225571
44.894981	-93.276878
44.966251	-93.220558
44.984379	-93.245277
44.932949	-93.208557
44.956661	-93.269142
44.977291	-93.270058
45.010391	-93.246986
44.921951	-93.20929
44.957321	-93.277863
44.954281	-93.326843
44.973309	-93.22506
44.9552	-93.24572
44.95245	-93.29866
44.94857	-93.266243
44.9132	-93.296806
44.948158	-93.233902
45.02359	-93.227249
44.947941	-93.27729
44.985779	-93.310051
44.912289	-93.217506
44.976299	-93.266243
44.95554	-93.28804
44.948349	-93.269028
44.948078	-93.209167
44.972919	-93.278809
44.921551	-93.293007
45.007679	-93.313339
44.964142	-93.312111
45.004662	-93.307037
45.033051	-93.297417
45.037209	-93.302322
44.967129	-93.282913
44.970718	-93.246872
44.973061	-93.291229
44.94244	-93.218758
44.965542	-93.271111
44.968922	-93.267662
44.950741	-93.25032
44.941471	-93.243782
44.965221	-93.275299
44.907879	-93.209747
44.948769	-93.281853
44.981281	-93.263199
44.945999	-93.25972
44.986069	-93.236816
44.965221	-93.277809
45.02737	-93.297302
44.973721	-93.221474
44.99078	-93.232231
44.954941	-93.285873
44.97488	-93.24678
44.9422	-93.236252
44.964111	-93.260658
44.959351	-93.261513
44.96373	-93.266571
44.945648	-93.283417
44.943321	-93.285957
44.9991	-93.317596
45.012241	-93.305344
44.952229	-93.276978
44.980221	-93.30896
44.939701	-93.28344
44.989208	-93.234863
44.943588	-93.287209
44.965012	-93.263588
44.961819	-93.242073
44.943649	-93.28772
44.96059	-93.288437
44.986961	-93.273552
45.027901	-93.2948
44.95554	-93.296791
44.89912	-93.220039
44.926418	-93.248238
44.89888	-93.21949
44.898991	-93.220039
44.944901	-93.28756
44.97076	-93.270172
44.977619	-93.273117
44.91872	-93.25148
44.97575	-93.269508
44.960049	-93.272942
44.984772	-93.246788
45.020458	-93.308258
44.929508	-93.255287
44.902061	-93.30011
44.982441	-93.304733
44.980141	-93.272781
44.981731	-93.242119
44.969372	-93.25795
44.968781	-93.277817
44.954288	-93.272408
44.95359	-93.295891
44.983292	-93.307411
44.93742	-93.227699
45.010132	-93.235603
45.015049	-93.262878
44.950409	-93.314262
44.926731	-93.250763
44.966991	-93.281227
45.001289	-93.260529
45.00531	-93.31105
44.96529	-93.231377
44.95084	-93.297348
44.98061	-93.270149
44.912449	-93.272911
44.94241	-93.28186
44.95195	-93.262642
45.018028	-93.244133
44.975529	-93.27282
44.97662	-93.313797
44.948502	-93.238701
44.945911	-93.22776
44.961868	-93.278343
44.940479	-93.227951
44.949478	-93.273758
45.020741	-93.270027
44.994961	-93.306061
44.949291	-93.277763
44.9105	-93.226959
44.964119	-93.275642
45.007019	-93.293953
44.927502	-93.212379
44.9492	-93.26358
44.998562	-93.286812
44.963661	-93.234589
45.00602	-93.26889
44.94931	-93.279129
44.973148	-93.267418
45.00613	-93.283791
44.994991	-93.308594
44.973148	-93.267418
44.953941	-93.264458
44.973148	-93.267418
45.01482	-93.264938
44.998772	-93.308212
44.97599	-93.275848
45.03651	-93.302452
45.035782	-93.307617
44.97715	-93.25724
44.998878	-93.295303
44.943829	-93.234642
44.94241	-93.28186
44.961651	-93.241402
45.02206	-93.297729
45.005039	-93.296059
44.962662	-93.247337
44.918522	-93.264732
45.006161	-93.297821
45.004028	-93.304283
45.003052	-93.311668
44.968048	-93.265099
44.999161	-93.294121
44.980751	-93.278488
44.960678	-93.327698
44.91264	-93.212624
44.98983	-93.2743
44.949291	-93.24102
44.973221	-93.269768
44.973148	-93.267418
44.940811	-93.217491
44.948109	-93.232727
45.01585	-93.302811
44.903759	-93.232674
44.89777	-93.25872
45.031059	-93.232887
44.964451	-93.303268
44.953129	-93.253349
44.892239	-93.264572
44.999111	-93.281853
44.922112	-93.325081
44.96875	-93.248421
44.99799	-93.24511
45.035931	-93.2994
44.983551	-93.230019
44.948639	-93.276176
44.982868	-93.272522
44.981171	-93.274094
44.898739	-93.213669
44.939999	-93.292358
44.91819	-93.224693
44.991562	-93.318451
45.021069	-93.297729
44.939941	-93.269279
44.999001	-93.255989
45.030899	-93.243668
45.022388	-93.307381
44.978802	-93.274849
45.021919	-93.286949
44.955551	-93.243042
44.998508	-93.263039
45.020451	-93.306992
44.996021	-93.298561
44.998772	-93.308212
44.945671	-93.243622
44.937962	-93.286537
45.014622	-93.268921
44.945889	-93.25563
44.969398	-93.261467
44.962711	-93.262558
44.955681	-93.252693
44.941078	-93.2929
44.93222	-93.266617
45.021931	-93.296494
44.973881	-93.260048
44.949291	-93.277763
45.00771	-93.286453
44.987968	-93.256378
44.98201	-93.275963
44.985359	-93.244072
44.973949	-93.229149
44.99263	-93.299248
44.972431	-93.284447
45.012821	-93.294937
45.013882	-93.281593
44.947929	-93.231979
45.023499	-93.293442
44.998562	-93.286812
44.948502	-93.261139
44.918678	-93.254593
44.985378	-93.241692
44.943829	-93.234642
44.95985	-93.277443
45.013119	-93.289284
44.98597	-93.230888
44.939499	-93.290749
44.927078	-93.330742
44.94825	-93.31675
45.015629	-93.270317
44.925739	-93.231209
44.912769	-93.278023
44.97374	-93.225471
44.934978	-93.209839
44.976681	-93.272926
44.96283	-93.271591
44.973991	-93.274696
44.94883	-93.300133
44.962528	-93.287598
44.920261	-93.218407
44.964691	-93.264168
44.9869	-93.275871
45.021671	-93.292191
44.980831	-93.235939
44.991741	-93.250908
44.989559	-93.303574
44.983639	-93.231133
44.92305	-93.252792
44.94865	-93.290283
45.000648	-93.288422
44.968159	-93.246841
45.007511	-93.288368
44.906368	-93.254646
44.97068	-93.261307
44.945862	-93.322472
44.973679	-93.26619
44.947392	-93.323029
44.963539	-93.251289
44.95443	-93.264458
44.915771	-93.220871
44.94297	-93.261528
44.954201	-93.282501
44.94672	-93.322731
45.026588	-93.313118
44.97575	-93.269508
44.963161	-93.262962
45.030239	-93.245049
44.907681	-93.225319
44.983551	-93.230019
44.907681	-93.225319
45.010929	-93.306061
44.936111	-93.262123
44.948631	-93.27562
45.033581	-93.245911
45.029652	-93.245781
44.96294	-93.230698
45.004799	-93.288002
44.980518	-93.302437
44.990341	-93.253632
45.008438	-93.290894
44.947311	-93.220749
44.947529	-93.294838
45.050709	-93.30899
44.972271	-93.261353
45.005039	-93.296059
45.00288	-93.229698
44.961319	-93.293999
45.04945	-93.291153
44.973721	-93.221474
44.951511	-93.235672
44.942329	-93.217484
44.962429	-93.241753
45.006519	-93.311348
44.935471	-93.220757
44.916672	-93.293007
44.948502	-93.288094
45.001461	-93.314987
44.923141	-93.208008
44.974751	-93.275017
44.90234	-93.226196
44.93882	-93.218773
44.949459	-93.233856
44.972301	-93.24839
44.891941	-93.280052
44.934292	-93.252792
44.948372	-93.295753
44.963539	-93.237267
44.941601	-93.246986
44.988621	-93.301582
44.94487	-93.278084
44.999241	-93.281738
44.999691	-93.311127
44.936821	-93.242943
44.893921	-93.2836
44.983341	-93.22963
45.006519	-93.311348
44.950039	-93.295731
44.948101	-93.21244
44.968441	-93.258911
44.960541	-93.293518
44.976929	-93.271568
45.020222	-93.24633
45.004799	-93.280418
44.98201	-93.275963
44.981171	-93.274094
44.910969	-93.213539
44.947441	-93.297279
44.981171	-93.274094
44.916752	-93.213081
44.916031	-93.233467
44.963161	-93.262962
45.000359	-93.314232
44.96059	-93.288437
44.904282	-93.226181
44.977871	-93.262177
44.898331	-93.224533
44.947639	-93.244522
44.968788	-93.28083
44.981731	-93.285309
44.979961	-93.272614
44.948349	-93.267761
44.988899	-93.278587
45.007629	-93.264931
44.95554	-93.27964
44.979408	-93.271751
44.955799	-93.280281
44.956032	-93.277481
45.005901	-93.281822
45.0219	-93.310471
44.96175	-93.304947
44.904221	-93.219177
44.929138	-93.232491
44.901989	-93.231972
44.927368	-93.30928
44.94891	-93.31649
44.928719	-93.301338
44.98201	-93.277786
44.903259	-93.228142
44.962688	-93.277817
44.967461	-93.278831
44.924889	-93.296761
45.008381	-93.293953
44.94986	-93.220009
44.975449	-93.275978
44.970921	-93.264343
45.006031	-93.313316
44.901421	-93.247543
44.949409	-93.297882
44.94746	-93.268829
44.970341	-93.262978
44.951389	-93.267288
44.948349	-93.265228
44.947361	-93.249031
44.9482	-93.247032
45.036201	-93.306961
44.93504	-93.262894
44.951698	-93.256798
44.999119	-93.282837
44.938938	-93.224701
44.961712	-93.266769
44.978199	-93.279762
44.96347	-93.287643
44.941319	-93.284317
44.956341	-93.287613
44.94659	-93.291939
44.910519	-93.2313
45.038391	-93.318367
44.894489	-93.306511
44.950089	-93.260117
44.9706	-93.22258
44.965069	-93.272392
44.948372	-93.23159
44.923481	-93.261627
44.934361	-93.237579
44.997589	-93.311142
44.934361	-93.237579
44.974072	-93.279327
44.92659	-93.251991
44.93594	-93.219498
44.975639	-93.276817
44.94865	-93.301208
45.03194	-93.28875
45.03545	-93.308563
44.95195	-93.262833
44.948189	-93.272659
44.95055	-93.234932
44.974442	-93.27179
44.999748	-93.295197
44.973061	-93.291229
44.966282	-93.236961
44.99823	-93.257248
44.973061	-93.291229
44.948349	-93.269028
44.973061	-93.291229
44.93029	-93.2528
44.967331	-93.240829
44.989498	-93.25563
44.936008	-93.224762
44.931381	-93.284737
44.972099	-93.262398
44.95715	-93.251999
44.95195	-93.284264
44.97374	-93.225471
45.025169	-93.295982
44.96059	-93.288437
44.944439	-93.294868
45.040329	-93.31897
44.904739	-93.287872
45.038071	-93.304497
44.960178	-93.262123
44.980968	-93.310081
44.9701	-93.27755
44.965359	-93.272942
44.949581	-93.298683
44.947441	-93.297279
45.015961	-93.308952
44.977051	-93.278313
44.939541	-93.24736
45.010799	-93.30732
44.908791	-93.234848
44.974751	-93.275017
44.909168	-93.212463
44.971169	-93.28656
45.00037	-93.289078
44.909149	-93.29174
44.894981	-93.276878
44.973572	-93.223007
44.990959	-93.252563
44.978802	-93.273643
45.047951	-93.293137
45.015381	-93.297737
44.94619	-93.219467
44.968441	-93.258911
45.022171	-93.29435
44.96656	-93.299721
44.94891	-93.31649
44.956242	-93.250267
